 STN,YYYYMMDD,   RH, EV24
  290,20170101,   38,    1
  290,20170102,    7,    3
  290,20170103,   17,    2
  290,20170104,   40,    3
  290,20170105,    0,    4
  290,20170106,    0,    4
  290,20170107,   27,    1
  290,20170108,    0,    2
  290,20170109,    5,    2
  290,20170110,   42,    2
  290,20170111,   61,    1
  290,20170112,  104,    3
  290,20170113,  200,    4
  290,20170114,   21,    3
  290,20170115,    1,    3
  290,20170116,   -1,    2
  290,20170117,   -1,    1
  290,20170118,    1,    2
  290,20170119,    0,    4
  290,20170120,    0,    4
  290,20170121,    0,    5
  290,20170122,    0,    5
  290,20170123,    0,    2
  290,20170124,    0,    2
  290,20170125,   -1,    4
  290,20170126,    0,    6
  290,20170127,    0,    5
  290,20170128,    8,    5
  290,20170129,    4,    3
  290,20170130,   68,    1
  290,20170131,    0,    2
  290,20170201,    6,    4
  290,20170202,    3,    7
  290,20170203,    8,    3
  290,20170204,   18,    6
  290,20170205,   21,    4
  290,20170206,    0,    3
  290,20170207,   23,    2
  290,20170208,   11,    2
  290,20170209,    0,    2
  290,20170210,    0,    1
  290,20170211,    4,    3
  290,20170212,    2,    7
  290,20170213,    0,    9
  290,20170214,    0,    9
  290,20170215,    0,   11
  290,20170216,    0,    7
  290,20170217,   35,    2
  290,20170218,    0,    8
  290,20170219,    8,    2
  290,20170220,   56,    2
  290,20170221,    2,    8
  290,20170222,  155,    1
  290,20170223,  188,    3
  290,20170224,   11,   10
  290,20170225,   16,    4
  290,20170226,   13,    3
  290,20170227,   33,    4
  290,20170228,   40,    5
  290,20170301,   46,    7
  290,20170302,   86,    4
  290,20170303,    5,    8
  290,20170304,   30,    9
  290,20170305,   33,   10
  290,20170306,    8,    8
  290,20170307,   37,    4
  290,20170308,   91,    2
  290,20170309,    8,    4
  290,20170310,    0,   15
  290,20170311,    0,   15
  290,20170312,    0,   13
  290,20170313,    0,   16
  290,20170314,    0,   16
  290,20170315,    0,   18
  290,20170316,    0,   20
  290,20170317,   34,   12
  290,20170318,   70,    7
  290,20170319,   43,    3
  290,20170320,  133,    4
  290,20170321,   28,   15
  290,20170322,    0,   22
  290,20170323,    0,   17
  290,20170324,    0,   23
  290,20170325,    0,   23
  290,20170326,    0,   21
  290,20170327,    0,   26
  290,20170328,    2,   26
  290,20170329,    6,    7
  290,20170330,    0,   25
  290,20170331,    4,   25
  290,20170401,   15,   11
  290,20170402,    0,   22
  290,20170403,    0,   25
  290,20170404,    0,   25
  290,20170405,   -1,   12
  290,20170406,   -1,   14
  290,20170407,    0,   13
  290,20170408,    0,   14
  290,20170409,    0,   31
  290,20170410,    0,   15
  290,20170411,    0,   15
  290,20170412,   29,    7
  290,20170413,   10,   16
  290,20170414,   -1,    7
  290,20170415,   17,   19
  290,20170416,   24,   15
  290,20170417,   37,   20
  290,20170418,   -1,   17
  290,20170419,    0,   19
  290,20170420,    0,   30
  290,20170421,   12,   13
  290,20170422,   -1,   21
  290,20170423,   10,   17
  290,20170424,   23,   13
  290,20170425,    4,   24
  290,20170426,   -1,   27
  290,20170427,    0,   19
  290,20170428,   43,   15
  290,20170429,    0,   22
  290,20170430,    0,   38
  290,20170501,   18,    7
  290,20170502,   46,   15
  290,20170503,    9,   18
  290,20170504,   13,   17
  290,20170505,    2,    6
  290,20170506,    0,   34
  290,20170507,    0,   19
  290,20170508,   -1,   17
  290,20170509,    0,   22
  290,20170510,    0,   30
  290,20170511,   59,   37
  290,20170512,   74,   23
  290,20170513,   -1,   27
  290,20170514,   -1,   30
  290,20170515,   -1,   45
  290,20170516,    0,   30
  290,20170517,    0,   49
  290,20170518,    6,   13
  290,20170519,   18,   11
  290,20170520,   -1,   33
  290,20170521,    0,   37
  290,20170522,    0,   43
  290,20170523,    0,   38
  290,20170524,    0,   22
  290,20170525,    0,   45
  290,20170526,    0,   52
  290,20170527,    0,   55
  290,20170528,   51,   47
  290,20170529,    1,   44
  290,20170530,   10,   32
  290,20170531,    0,   40
  290,20170601,    0,   49
  290,20170602,    1,   42
  290,20170603,   14,   27
  290,20170604,    5,   24
  290,20170605,    0,   37
  290,20170606,   29,   24
  290,20170607,   63,   20
  290,20170608,    2,   28
  290,20170609,   80,   20
  290,20170610,    0,   39
  290,20170611,    2,   32
  290,20170612,    0,   22
  290,20170613,    0,   22
  290,20170614,    0,   50
  290,20170615,    0,   39
  290,20170616,   -1,   22
  290,20170617,    0,   17
  290,20170618,    0,   53
  290,20170619,    0,   55
  290,20170620,    0,   46
  290,20170621,    0,   51
  290,20170622,    4,   48
  290,20170623,    0,   35
  290,20170624,   26,   10
  290,20170625,   32,   13
  290,20170626,   20,   39
  290,20170627,   29,   27
  290,20170628,   76,   18
  290,20170629,   53,   14
  290,20170630,  186,   22
  290,20170701,   39,   15
  290,20170702,   10,   27
  290,20170703,   -1,   36
  290,20170704,    0,   46
  290,20170705,    0,   37
  290,20170706,   -1,   49
  290,20170707,  122,   38
  290,20170708,    0,   30
  290,20170709,    0,   42
  290,20170710,   42,   25
  290,20170711,   22,   20
  290,20170712,  344,   12
  290,20170713,    0,   31
  290,20170714,   43,   23
  290,20170715,   -1,   27
  290,20170716,   54,   13
  290,20170717,    1,   49
  290,20170718,    0,   49
  290,20170719,   19,   42
  290,20170720,   80,   28
  290,20170721,    0,   44
  290,20170722,  112,   40
  290,20170723,   63,   29
  290,20170724,   56,   19
  290,20170725,   60,   12
  290,20170726,   -1,   36
  290,20170727,    3,   27
  290,20170728,    2,   25
  290,20170729,    3,   19
  290,20170730,    3,   30
  290,20170731,    0,   42
  290,20170801,    0,   22
  290,20170802,    9,   26
  290,20170803,   18,   28
  290,20170804,    2,   25
  290,20170805,    9,   18
  290,20170806,   -1,   28
  290,20170807,    0,   39
  290,20170808,   14,   17
  290,20170809,    0,   28
  290,20170810,    7,   25
  290,20170811,   34,   11
  290,20170812,   93,   12
  290,20170813,   -1,   27
  290,20170814,    0,   37
  290,20170815,  316,   20
  290,20170816,    0,   33
  290,20170817,   47,   11
  290,20170818,   91,   14
  290,20170819,   36,   20
  290,20170820,   -1,   24
  290,20170821,    0,   24
  290,20170822,    0,   27
  290,20170823,    0,   35
  290,20170824,    0,   19
  290,20170825,    0,   32
  290,20170826,    0,   30
  290,20170827,    0,   33
  290,20170828,    0,   34
  290,20170829,    0,   35
  290,20170830,  135,   16
  290,20170831,   30,   17
  290,20170901,    5,   22
  290,20170902,    1,   26
  290,20170903,    0,   26
  290,20170904,    0,   29
  290,20170905,   62,   15
  290,20170906,   45,   15
  290,20170907,    3,   19
  290,20170908,  202,    5
  290,20170909,   83,   19
  290,20170910,   -1,   23
  290,20170911,   15,   19
  290,20170912,   11,   20
  290,20170913,  120,   19
  290,20170914,   72,   11
  290,20170915,   20,   19
  290,20170916,   -1,   12
  290,20170917,   29,   19
  290,20170918,  108,    8
  290,20170919,    1,   12
  290,20170920,    1,   12
  290,20170921,    0,   22
  290,20170922,   24,   17
  290,20170923,    0,   23
  290,20170924,    0,   21
  290,20170925,    0,   13
  290,20170926,   -1,   14
  290,20170927,    0,   17
  290,20170928,    6,    9
  290,20170929,   85,   16
  290,20170930,  146,    3
  290,20171001,    0,   19
  290,20171002,   16,   12
  290,20171003,    6,   15
  290,20171004,    4,    7
  290,20171005,  134,   11
  290,20171006,   26,   10
  290,20171007,   95,    3
  290,20171008,   18,   12
  290,20171009,    8,    9
  290,20171010,   16,    5
  290,20171011,    7,    5
  290,20171012,   -1,   12
  290,20171013,    0,   12
  290,20171014,    0,   17
  290,20171015,    0,   17
  290,20171016,    0,   16
  290,20171017,    0,    8
  290,20171018,    0,   14
  290,20171019,    0,   13
  290,20171020,   49,    7
  290,20171021,   14,    5
  290,20171022,   66,    6
  290,20171023,    1,    5
  290,20171024,   15,    3
  290,20171025,   -1,    4
  290,20171026,    4,    6
  290,20171027,    2,    9
  290,20171028,   74,    3
  290,20171029,   33,    9
  290,20171030,    5,    7
  290,20171031,   19,    5
  290,20171101,   -1,    5
  290,20171102,   24,    5
  290,20171103,    0,    3
  290,20171104,   23,    8
  290,20171105,   26,    6
  290,20171106,   -1,    7
  290,20171107,    0,    5
  290,20171108,   -1,    2
  290,20171109,    8,    3
  290,20171110,   63,    2
  290,20171111,   30,    3
  290,20171112,   27,    2
  290,20171113,    3,    7
  290,20171114,    9,    3
  290,20171115,   -1,    2
  290,20171116,   17,    2
  290,20171117,    0,    6
  290,20171118,   31,    3
  290,20171119,   37,    4
  290,20171120,  130,    1
  290,20171121,   50,    1
  290,20171122,    6,    3
  290,20171123,   25,    2
  290,20171124,   76,    2
  290,20171125,    7,    4
  290,20171126,   55,    2
  290,20171127,   93,    1
  290,20171128,    5,    3
  290,20171129,    0,    1
  290,20171130,    5,    2
  290,20171201,   -1,    3
  290,20171202,    2,    1
  290,20171203,   28,    1
  290,20171204,   14,    2
  290,20171205,   -1,    1
  290,20171206,    0,    1
  290,20171207,   66,    1
  290,20171208,   56,    1
  290,20171209,   52,    2
  290,20171210,  132,    1
  290,20171211,   64,    0
  290,20171212,   23,    2
  290,20171213,  216,    0
  290,20171214,   58,    1
  290,20171215,    5,    1
  290,20171216,    6,    4
  290,20171217,   38,    4
  290,20171218,   42,    1
  290,20171219,   23,    1
  290,20171220,    3,    1
  290,20171221,    9,    1
  290,20171222,    0,    2
  290,20171223,   -1,    1
  290,20171224,    5,    1
  290,20171225,    4,    1
  290,20171226,   28,    2
  290,20171227,   11,    1
  290,20171228,    1,    3
  290,20171229,   28,    2
  290,20171230,   59,    1
  290,20171231,  128,    1
  290,20180101,   72,    2
  290,20180102,   27,    2
  290,20180103,  204,    1
  290,20180104,   42,    2
  290,20180105,   15,    2
  290,20180106,    0,    2
  290,20180107,    0,    3
  290,20180108,    0,    4
  290,20180109,    0,    2
  290,20180110,   13,    2
  290,20180111,    0,    3
  290,20180112,   -1,    1
  290,20180113,   -1,    2
  290,20180114,    0,    2
  290,20180115,   84,    1
  290,20180116,  119,    3
  290,20180117,  119,    3
  290,20180118,   43,    2
  290,20180119,    3,    3
  290,20180120,   29,    2
  290,20180121,    1,    4
  290,20180122,   14,    1
  290,20180123,    8,    3
  290,20180124,   21,    2
  290,20180125,    6,    3
  290,20180126,    0,    2
  290,20180127,   12,    2
  290,20180128,    4,    4
  290,20180129,   52,    2
  290,20180130,    0,    6
  290,20180131,   70,    1
  290,20180201,   19,    2
  290,20180202,  123,    3
  290,20180203,   27,    3
  290,20180204,    9,    3
  290,20180205,   -1,    3
  290,20180206,    0,    6
  290,20180207,    0,    8
  290,20180208,    0,    7
  290,20180209,    0,    7
  290,20180210,   -1,    2
  290,20180211,   91,    6
  290,20180212,   50,    8
  290,20180213,    0,    9
  290,20180214,    0,   10
  290,20180215,   19,    1
  290,20180216,    0,    9
  290,20180217,    0,    7
  290,20180218,    0,   10
  290,20180219,    0,    5
  290,20180220,    0,    8
  290,20180221,    0,   10
  290,20180222,    0,    8
  290,20180223,    0,   11
  290,20180224,    0,   10
  290,20180225,    0,   10
  290,20180226,   -1,    7
  290,20180227,    5,    8
  290,20180228,   -1,    7
  290,20180301,    0,    8
  290,20180302,    0,    9
  290,20180303,    0,    7
  290,20180304,   12,   10
  290,20180305,    0,   13
  290,20180306,    0,   12
  290,20180307,   46,   11
  290,20180308,   33,    8
  290,20180309,   14,   11
  290,20180310,   32,   11
  290,20180311,    0,    6
  290,20180312,   17,   12
  290,20180313,  109,    3
  290,20180314,   -1,   11
  290,20180315,   -1,   16
  290,20180316,   70,    3
  290,20180317,   -1,    8
  290,20180318,    0,   13
  290,20180319,   -1,   17
  290,20180320,    1,   19
  290,20180321,    0,    9
  290,20180322,   29,    6
  290,20180323,   -1,    5
  290,20180324,    0,   15
  290,20180325,    0,   11
  290,20180326,   -1,   11
  290,20180327,   10,   11
  290,20180328,  134,    6
  290,20180329,   26,   11
  290,20180330,   86,   18
  290,20180331,   26,   17
  290,20180401,    4,   11
  290,20180402,    8,   12
  290,20180403,   -1,   22
  290,20180404,   58,   11
  290,20180405,    6,    9
  290,20180406,    0,   28
  290,20180407,    0,   29
  290,20180408,    0,   26
  290,20180409,    0,   19
  290,20180410,    0,   29
  290,20180411,    0,   25
  290,20180412,   -1,   18
  290,20180413,    0,   15
  290,20180414,    0,   12
  290,20180415,   35,   23
  290,20180416,   -1,   27
  290,20180417,    0,   32
  290,20180418,    0,   38
  290,20180419,    0,   42
  290,20180420,    0,   38
  290,20180421,    0,   37
  290,20180422,  103,   35
  290,20180423,    0,   25
  290,20180424,    3,    8
  290,20180425,   25,   15
  290,20180426,   74,   25
  290,20180427,    0,   24
  290,20180428,   -1,   18
  290,20180429,  132,   17
  290,20180430,   89,   14
  290,20180501,   38,   16
  290,20180502,   -1,   38
  290,20180503,   -1,   33
  290,20180504,    0,   39
  290,20180505,    0,   43
  290,20180506,    0,   47
  290,20180507,    0,   48
  290,20180508,    0,   49
  290,20180509,    0,   47
  290,20180510,   14,   17
  290,20180511,    0,   37
  290,20180512,    0,   38
  290,20180513,  123,   22
  290,20180514,    0,   46
  290,20180515,    0,   45
  290,20180516,   10,   31
  290,20180517,    0,   37
  290,20180518,    0,   29
  290,20180519,    0,   32
  290,20180520,    0,   46
  290,20180521,    0,   51
  290,20180522,   -1,   39
  290,20180523,   -1,   37
  290,20180524,    1,   28
  290,20180525,   37,   27
  290,20180526,    0,   50
  290,20180527,    4,   35
  290,20180528,    0,   48
  290,20180529,   19,   41
  290,20180530,    0,   47
  290,20180531,  155,   28
  290,20180601,    6,   24
  290,20180602,    4,   17
  290,20180603,    0,   25
  290,20180604,    0,   28
  290,20180605,    0,   32
  290,20180606,    0,   53
  290,20180607,    0,   51
  290,20180608,   16,   12
  290,20180609,   -1,   41
  290,20180610,   -1,   42
  290,20180611,    0,   47
  290,20180612,   -1,   18
  290,20180613,   -1,   22
  290,20180614,    8,   30
  290,20180615,    0,   33
  290,20180616,   -1,   35
  290,20180617,   -1,   27
  290,20180618,    7,   20
  290,20180619,    1,   16
  290,20180620,    0,   45
  290,20180621,   77,   30
  290,20180622,   33,   29
  290,20180623,   -1,   33
  290,20180624,    7,   13
  290,20180625,    0,   37
  290,20180626,    0,   42
  290,20180627,    0,   48
  290,20180628,    0,   49
  290,20180629,    0,   54
  290,20180630,    0,   57
  290,20180701,    0,   56
  290,20180702,    0,   55
  290,20180703,    0,   54
  290,20180704,    0,   49
  290,20180705,    0,   50
  290,20180706,    0,   43
  290,20180707,    0,   49
  290,20180708,    0,   48
  290,20180709,   -1,   23
  290,20180710,   28,   23
  290,20180711,   48,   23
  290,20180712,    0,   41
  290,20180713,    0,   45
  290,20180714,    0,   50
  290,20180715,    0,   53
  290,20180716,    0,   54
  290,20180717,    0,   44
  290,20180718,    0,   36
  290,20180719,    0,   32
  290,20180720,    0,   48
  290,20180721,    1,   45
  290,20180722,    0,   35
  290,20180723,    0,   51
  290,20180724,    0,   52
  290,20180725,  265,   49
  290,20180726,    0,   51
  290,20180727,    0,   55
  290,20180728,  131,   28
  290,20180729,    0,   33
  290,20180730,    0,   44
  290,20180731,    0,   36
  290,20180801,    0,   36
  290,20180802,    0,   49
  290,20180803,    0,   49
  290,20180804,    0,   43
  290,20180805,    0,   45
  290,20180806,    0,   48
  290,20180807,    0,   49
  290,20180808,    2,   17
  290,20180809,  108,   25
  290,20180810,   42,   31
  290,20180811,   53,   34
  290,20180812,    0,   33
  290,20180813,   21,   19
  290,20180814,    7,   26
  290,20180815,    0,   20
  290,20180816,    0,   37
  290,20180817,   52,   27
  290,20180818,    0,   31
  290,20180819,    0,   37
  290,20180820,    1,   15
  290,20180821,    0,   21
  290,20180822,    0,   34
  290,20180823,   47,   22
  290,20180824,   28,   25
  290,20180825,  130,   18
  290,20180826,   17,   30
  290,20180827,   12,   14
  290,20180828,    0,   17
  290,20180829,  110,   24
  290,20180830,    6,   17
  290,20180831,   -1,   18
  290,20180901,    0,   29
  290,20180902,    0,   34
  290,20180903,  114,   22
  290,20180904,   -1,   29
  290,20180905,    0,   30
  290,20180906,   38,   12
  290,20180907,   26,   17
  290,20180908,   -1,   22
  290,20180909,    0,   25
  290,20180910,    0,   13
  290,20180911,    0,   19
  290,20180912,    9,    8
  290,20180913,    0,   26
  290,20180914,    0,   26
  290,20180915,    1,   17
  290,20180916,    0,   23
  290,20180917,    0,   26
  290,20180918,    0,   30
  290,20180919,    0,   27
  290,20180920,    0,   23
  290,20180921,   87,   15
  290,20180922,   84,    9
  290,20180923,   97,    3
  290,20180924,   11,   19
  290,20180925,    0,   19
  290,20180926,    0,   20
  290,20180927,    0,   22
  290,20180928,    0,   16
  290,20180929,    0,   17
  290,20180930,   -1,   17
  290,20181001,    9,   15
  290,20181002,   24,    5
  290,20181003,    0,   19
  290,20181004,    3,    8
  290,20181005,    0,   20
  290,20181006,   23,   20
  290,20181007,   -1,   14
  290,20181008,    0,   15
  290,20181009,    0,   14
  290,20181010,    0,   20
  290,20181011,    0,   17
  290,20181012,    0,   19
  290,20181013,    0,   19
  290,20181014,    0,   19
  290,20181015,    0,   17
  290,20181016,    0,   18
  290,20181017,    0,   14
  290,20181018,    6,    8
  290,20181019,    0,   13
  290,20181020,    0,   11
  290,20181021,    0,    9
  290,20181022,    4,   10
  290,20181023,   12,    2
  290,20181024,   32,    6
  290,20181025,   20,    4
  290,20181026,   19,    3
  290,20181027,    2,    9
  290,20181028,    0,    7
  290,20181029,    0,    2
  290,20181030,  119,    2
  290,20181031,   -1,    9
  290,20181101,   39,    4
  290,20181102,   -1,    5
  290,20181103,    0,    8
  290,20181104,    0,    6
  290,20181105,    0,    2
  290,20181106,    0,    8
  290,20181107,    1,   10
  290,20181108,    0,    9
  290,20181109,    4,    7
  290,20181110,   40,    2
  290,20181111,   54,    4
  290,20181112,   38,    1
  290,20181113,   -1,    5
  290,20181114,    0,    7
  290,20181115,    0,    7
  290,20181116,    0,    6
  290,20181117,    0,    6
  290,20181118,    0,    5
  290,20181119,    8,    3
  290,20181120,   10,    1
  290,20181121,    0,    3
  290,20181122,   -1,    1
  290,20181123,    0,    5
  290,20181124,   14,    1
  290,20181125,   -1,    1
  290,20181126,    0,    2
  290,20181127,    0,    1
  290,20181128,    9,    2
  290,20181129,   33,    1
  290,20181130,   -1,    3
  290,20181201,   13,    4
  290,20181202,   50,    1
  290,20181203,   73,    3
  290,20181204,   -1,    5
  290,20181205,    7,    2
  290,20181206,   14,    1
  290,20181207,  139,    1
  290,20181208,   98,    2
  290,20181209,   59,    3
  290,20181210,   24,    3
  290,20181211,   -1,    4
  290,20181212,   -1,    2
  290,20181213,    0,    2
  290,20181214,    0,    3
  290,20181215,    0,    1
  290,20181216,    8,    1
  290,20181217,   36,    1
  290,20181218,    0,    3
  290,20181219,    2,    1
  290,20181220,   12,    1
  290,20181221,  140,    1
  290,20181222,  149,    1
  290,20181223,  101,    1
  290,20181224,    1,    4
  290,20181225,    0,    3
  290,20181226,    2,    1
  290,20181227,    0,    2
  290,20181228,   -1,    1
  290,20181229,   21,    1
  290,20181230,    9,    2
  290,20181231,    2,    2
  290,20190101,   15,    2
  290,20190102,   -1,    3
  290,20190103,    1,    3
  290,20190104,    6,    1
  290,20190105,   63,    1
  290,20190106,   24,    2
  290,20190107,   60,    1
  290,20190108,   78,    2
  290,20190109,   16,    4
  290,20190110,   20,    1
  290,20190111,   22,    2
  290,20190112,   64,    1
  290,20190113,  117,    1
  290,20190114,    3,    4
  290,20190115,    2,    2
  290,20190116,   14,    1
  290,20190117,   93,    1
  290,20190118,    0,    5
  290,20190119,    0,    4
  290,20190120,    0,    5
  290,20190121,    0,    6
  290,20190122,   12,    3
  290,20190123,    2,    2
  290,20190124,    0,    1
  290,20190125,   37,    2
  290,20190126,   68,    1
  290,20190127,   52,    1
  290,20190128,   44,    2
  290,20190129,    0,    5
  290,20190130,   18,    2
  290,20190131,    1,    5
  290,20190201,    5,    2
  290,20190202,   53,    1
  290,20190203,   11,    6
  290,20190204,   10,    3
  290,20190205,    0,    1
  290,20190206,  104,    2
  290,20190207,   43,    6
  290,20190208,   33,    2
  290,20190209,    3,    4
  290,20190210,  165,    2
  290,20190211,   14,    7
  290,20190212,    1,    6
  290,20190213,   -1,    2
  290,20190214,    0,   10
  290,20190215,    0,   12
  290,20190216,    0,   12
  290,20190217,    0,   11
  290,20190218,    0,   12
  290,20190219,    3,    7
  290,20190220,    0,    8
  290,20190221,   11,    6
  290,20190222,   10,    6
  290,20190223,    0,   13
  290,20190224,    0,   14
  290,20190225,    0,   14
  290,20190226,    0,   15
  290,20190227,    0,   16
  290,20190228,   11,   11
  290,20190301,   14,    2
  290,20190302,    4,    7
  290,20190303,   31,    3
  290,20190304,   43,    7
  290,20190305,   21,    9
  290,20190306,   27,    7
  290,20190307,   49,   10
  290,20190308,   63,   12
  290,20190309,  120,    7
  290,20190310,  202,    3
  290,20190311,   63,    7
  290,20190312,   26,    7
  290,20190313,   87,    4
  290,20190314,  103,    4
  290,20190315,   56,    5
  290,20190316,   40,    4
  290,20190317,   39,   11
  290,20190318,   13,   13
  290,20190319,    0,   17
  290,20190320,   -1,    7
  290,20190321,    0,   19
  290,20190322,    0,   23
  290,20190323,    1,    7
  290,20190324,    0,   18
  290,20190325,   51,   14
  290,20190326,    2,    8
  290,20190327,    0,   16
  290,20190328,    0,   10
  290,20190329,    0,   25
  290,20190330,    0,   23
  290,20190331,    0,   21
  290,20190401,    0,   27
  290,20190402,    3,   19
  290,20190403,    6,    8
  290,20190404,   12,    5
  290,20190405,   16,    7
  290,20190406,    0,   14
  290,20190407,    0,   31
  290,20190408,    0,   32
  290,20190409,    0,   29
  290,20190410,    0,   28
  290,20190411,    0,   19
  290,20190412,   -1,   11
  290,20190413,    5,   18
  290,20190414,    9,   23
  290,20190415,    0,   32
  290,20190416,    0,   33
  290,20190417,    0,   25
  290,20190418,    0,   37
  290,20190419,    0,   40
  290,20190420,    0,   39
  290,20190421,    0,   40
  290,20190422,    0,   41
  290,20190423,    0,   38
  290,20190424,   96,   33
  290,20190425,    2,   30
  290,20190426,    7,   16
  290,20190427,   27,   13
  290,20190428,   -1,   18
  290,20190429,   -1,   23
  290,20190430,    0,   27
  290,20190501,    0,   23
  290,20190502,    4,   15
  290,20190503,   11,   22
  290,20190504,   30,   24
  290,20190505,   17,   21
  290,20190506,   21,   18
  290,20190507,    0,   22
  290,20190508,   18,   14
  290,20190509,   44,   28
  290,20190510,    7,   16
  290,20190511,    0,   31
  290,20190512,    0,   28
  290,20190513,    0,   39
  290,20190514,    0,   38
  290,20190515,    0,   43
  290,20190516,   -1,   24
  290,20190517,    2,   12
  290,20190518,    0,   31
  290,20190519,    6,   36
  290,20190520,   -1,   22
  290,20190521,    1,    9
  290,20190522,   -1,   31
  290,20190523,    0,   40
  290,20190524,    0,   41
  290,20190525,    0,   31
  290,20190526,   38,   27
  290,20190527,    2,   32
  290,20190528,   78,   11
  290,20190529,    0,   45
  290,20190530,   -1,   15
  290,20190531,    0,   37
  290,20190601,    0,   49
  290,20190602,   -1,   54
  290,20190603,    5,   24
  290,20190604,   -1,   40
  290,20190605,    2,   41
  290,20190606,   40,   23
  290,20190607,   31,   41
  290,20190608,   54,   19
  290,20190609,    0,   43
  290,20190610,   78,   36
  290,20190611,    4,   38
  290,20190612,  151,   18
  290,20190613,    1,   37
  290,20190614,    1,   44
  290,20190615,   71,   31
  290,20190616,    0,   41
  290,20190617,    0,   47
  290,20190618,   -1,   45
  290,20190619,   38,   34
  290,20190620,   74,   23
  290,20190621,    0,   40
  290,20190622,    0,   51
  290,20190623,    0,   55
  290,20190624,    0,   54
  290,20190625,    0,   53
  290,20190626,    0,   45
  290,20190627,    0,   52
  290,20190628,    0,   47
  290,20190629,    0,   58
  290,20190630,    0,   52
  290,20190701,    0,   41
  290,20190702,   -1,   39
  290,20190703,    0,   36
  290,20190704,    0,   47
  290,20190705,    0,   47
  290,20190706,   18,   25
  290,20190707,    0,   24
  290,20190708,    4,   20
  290,20190709,    0,   36
  290,20190710,    1,   28
  290,20190711,   39,   19
  290,20190712,   21,   24
  290,20190713,    2,   28
  290,20190714,    1,   19
  290,20190715,   -1,   21
  290,20190716,    0,    9
  290,20190717,    0,   35
  290,20190718,   -1,   39
  290,20190719,   -1,   38
  290,20190720,   40,   25
  290,20190721,    0,   40
  290,20190722,    0,   39
  290,20190723,    0,   54
  290,20190724,    0,   55
  290,20190725,    0,   52
  290,20190726,    0,   53
  290,20190727,    0,   48
  290,20190728,    0,   34
  290,20190729,    0,   33
  290,20190730,    0,   42
  290,20190731,    5,   29
  290,20190801,    2,   31
  290,20190802,   -1,   20
  290,20190803,   -1,   14
  290,20190804,   -1,   34
  290,20190805,   -1,   28
  290,20190806,    1,   33
  290,20190807,    7,   30
  290,20190808,    0,   31
  290,20190809,   54,   12
  290,20190810,    8,   29
  290,20190811,    0,   28
  290,20190812,   78,   32
  290,20190813,   46,   25
  290,20190814,   37,   35
  290,20190815,   24,   19
  290,20190816,    3,   32
  290,20190817,  110,    8
  290,20190818,   86,   14
  290,20190819,    5,   26
  290,20190820,   31,   27
  290,20190821,    0,   33
  290,20190822,    0,   38
  290,20190823,    0,   38
  290,20190824,    0,   41
  290,20190825,    0,   41
  290,20190826,    0,   39
  290,20190827,    0,   38
  290,20190828,   20,   35
  290,20190829,  171,   28
  290,20190830,    0,   35
  290,20190831,    6,   37
  290,20190901,    0,   18
  290,20190902,    0,   28
  290,20190903,   -1,   10
  290,20190904,   16,   15
  290,20190905,   29,   20
  290,20190906,    5,   22
  290,20190907,   21,   19
  290,20190908,  140,   14
  290,20190909,    0,   25
  290,20190910,    0,   24
  290,20190911,   52,   10
  290,20190912,    1,   22
  290,20190913,   22,   22
  290,20190914,    0,   26
  290,20190915,    0,   23
  290,20190916,  109,    7
  290,20190917,    5,   16
  290,20190918,    0,   18
  290,20190919,    0,   21
  290,20190920,    0,   24
  290,20190921,    0,   27
  290,20190922,    1,   25
  290,20190923,   22,   11
  290,20190924,    8,   10
  290,20190925,   61,   11
  290,20190926,  117,    5
  290,20190927,    2,   13
  290,20190928,   26,   14
  290,20190929,  282,    4
  290,20190930,   24,   18
  290,20191001,  438,    8
  290,20191002,   11,   16
  290,20191003,   12,   14
  290,20191004,  161,    3
  290,20191005,    0,   13
  290,20191006,   13,    7
  290,20191007,   -1,   13
  290,20191008,   58,    6
  290,20191009,  157,    7
  290,20191010,   20,   11
  290,20191011,   19,    5
  290,20191012,   19,    2
  290,20191013,    8,   12
  290,20191014,    4,   13
  290,20191015,   61,    9
  290,20191016,   84,    8
  290,20191017,   45,    7
  290,20191018,   25,    8
  290,20191019,   23,    5
  290,20191020,   38,    3
  290,20191021,    3,    9
  290,20191022,   -1,    6
  290,20191023,    0,    9
  290,20191024,    0,    9
  290,20191025,    3,   10
  290,20191026,   -1,   13
  290,20191027,   30,    7
  290,20191028,    6,    8
  290,20191029,    0,    9
  290,20191030,    0,    9
  290,20191031,    0,   10
  290,20191101,   39,    2
  290,20191102,   59,    6
  290,20191103,   31,    6
  290,20191104,    8,    6
  290,20191105,   23,    3
  290,20191106,    6,    5
  290,20191107,   17,    3
  290,20191108,    0,    8
  290,20191109,    2,    3
  290,20191110,    0,    7
  290,20191111,    9,    4
  290,20191112,   13,    2
  290,20191113,   10,    4
  290,20191114,    0,    4
  290,20191115,    0,    2
  290,20191116,   -1,    4
  290,20191117,   80,    3
  290,20191118,  288,    1
  290,20191119,   12,    3
  290,20191120,    0,    1
  290,20191121,    0,    3
  290,20191122,    3,    5
  290,20191123,    0,    5
  290,20191124,    0,    5
  290,20191125,    0,    2
  290,20191126,    5,    2
  290,20191127,   45,    3
  290,20191128,  140,    2
  290,20191129,   -1,    4
  290,20191130,    0,    4
  290,20191201,    0,    2
  290,20191202,    3,    4
  290,20191203,    8,    4
  290,20191204,    0,    4
  290,20191205,   -1,    1
  290,20191206,   91,    1
  290,20191207,   17,    1
  290,20191208,   41,    1
  290,20191209,   17,    2
  290,20191210,    0,    4
  290,20191211,   38,    1
  290,20191212,    1,    2
  290,20191213,   36,    1
  290,20191214,   87,    3
  290,20191215,   18,    4
  290,20191216,    4,    1
  290,20191217,   42,    3
  290,20191218,    0,    2
  290,20191219,   -1,    5
  290,20191220,   10,    2
  290,20191221,    1,    3
  290,20191222,   50,    2
  290,20191223,   19,    2
  290,20191224,   73,    1
  290,20191225,   18,    2
  290,20191226,    1,    2
  290,20191227,    0,    4
  290,20191228,    0,    3
  290,20191229,    0,    2
  290,20191230,    0,    4
  290,20191231,    2,    2
  290,20200101,    0,    2
  290,20200102,   -1,    1
  290,20200103,   44,    1
  290,20200104,    8,    1
  290,20200105,    1,    1
  290,20200106,   -1,    2
  290,20200107,    9,    2
  290,20200108,   27,    1
  290,20200109,   33,    1
  290,20200110,    6,    2
  290,20200111,    0,    3
  290,20200112,   14,    1
  290,20200113,    1,    3
  290,20200114,   42,    1
  290,20200115,   20,    3
  290,20200116,    0,    6
  290,20200117,    7,    2
  290,20200118,    4,    3
  290,20200119,    5,    4
  290,20200120,    0,    3
  290,20200121,    0,    5
  290,20200122,    3,    1
  290,20200123,    0,    3
  290,20200124,    0,    1
  290,20200125,    0,    1
  290,20200126,    0,    4
  290,20200127,   59,    2
  290,20200128,   43,    3
  290,20200129,   10,    5
  290,20200130,   10,    4
  290,20200131,    1,    3
  290,20200201,    3,    3
  290,20200202,   85,    2
  290,20200203,   18,    4
  290,20200204,   24,    5
  290,20200205,    0,    7
  290,20200206,    0,    3
  290,20200207,    0,    8
  290,20200208,    3,    5
  290,20200209,  199,    4
  290,20200210,   65,    5
  290,20200211,    3,    4
  290,20200212,    2,    6
  290,20200213,   87,    2
  290,20200214,    0,    4
  290,20200215,    0,    8
  290,20200216,   98,    3
  290,20200217,   34,    9
  290,20200218,   37,    8
  290,20200219,   33,    7
  290,20200220,   52,    5
  290,20200221,    0,    7
  290,20200222,   89,    2
  290,20200223,  208,    2
  290,20200224,   74,    2
  290,20200225,    9,    9
  290,20200226,   37,    7
  290,20200227,   49,    3
  290,20200228,   73,    8
  290,20200229,   19,    9
  290,20200301,   -1,    7
  290,20200302,   49,    5
  290,20200303,   -1,   12
  290,20200304,    4,    9
  290,20200305,   65,    6
  290,20200306,   59,    3
  290,20200307,    0,   12
  290,20200308,   25,    5
  290,20200309,   29,    9
  290,20200310,  135,    3
  290,20200311,   32,   13
  290,20200312,  106,   16
  290,20200313,   38,    7
  290,20200314,    0,   17
  290,20200315,   -1,   12
  290,20200316,    0,   19
  290,20200317,    0,   20
  290,20200318,    0,   18
  290,20200319,    0,    7
  290,20200320,    1,    4
  290,20200321,    0,   18
  290,20200322,    0,   22
  290,20200323,    0,   22
  290,20200324,    0,   23
  290,20200325,    0,   24
  290,20200326,    0,   23
  290,20200327,    0,   24
  290,20200328,    0,   24
  290,20200329,   -1,    8
  290,20200330,   58,   11
  290,20200331,    0,   23
  290,20200401,    0,   15
  290,20200402,    1,   13
  290,20200403,   -1,   10
  290,20200404,    0,   27
  290,20200405,    0,   33
  290,20200406,    0,   34
  290,20200407,    0,   32
  290,20200408,    0,   30
  290,20200409,    0,   32
  290,20200410,    0,   29
  290,20200411,    0,   32
  290,20200412,   -1,   31
  290,20200413,   -1,   22
  290,20200414,   -1,   15
  290,20200415,    0,   31
  290,20200416,    0,   32
  290,20200417,    0,   33
  290,20200418,    6,   27
  290,20200419,    0,   36
  290,20200420,    0,   37
  290,20200421,    0,   38
  290,20200422,    0,   39
  290,20200423,    0,   38
  290,20200424,    0,   36
  290,20200425,    0,   29
  290,20200426,    0,   34
  290,20200427,    0,   37
  290,20200428,   41,   14
  290,20200429,   19,   16
  290,20200430,   23,   25
  290,20200501,   47,   17
  290,20200502,   44,   15
  290,20200503,  137,   18
  290,20200504,   10,   33
  290,20200505,    0,   36
  290,20200506,    0,   39
  290,20200507,    0,   39
  290,20200508,    0,   39
  290,20200509,    0,   45
  290,20200510,    2,   23
  290,20200511,    6,   32
  290,20200512,    0,   19
  290,20200513,   -1,   19
  290,20200514,    0,   33
  290,20200515,    0,   23
  290,20200516,    0,   27
  290,20200517,    0,   29
  290,20200518,    0,   39
  290,20200519,    0,   27
  290,20200520,    0,   22
  290,20200521,    0,   49
  290,20200522,    2,   18
  290,20200523,   -1,   29
  290,20200524,   16,   17
  290,20200525,    0,   26
  290,20200526,    0,   46
  290,20200527,    0,   42
  290,20200528,    0,   48
  290,20200529,    0,   48
  290,20200530,    0,   48
  290,20200531,    0,   46
  290,20200601,    0,   50
  290,20200602,    0,   52
  290,20200603,    0,   42
  290,20200604,  108,    7
  290,20200605,  115,   19
  290,20200606,   -1,   31
  290,20200607,   41,   24
  290,20200608,    0,   27
  290,20200609,   -1,   24
  290,20200610,   -1,   13
  290,20200611,   21,   27
  290,20200612,    0,   51
  290,20200613,    0,   52
  290,20200614,  244,   17
  290,20200615,    1,   32
  290,20200616,    1,   16
  290,20200617,   28,   29
  290,20200618,   42,   22
  290,20200619,    0,   45
  290,20200620,    0,   34
  290,20200621,   -1,   42
  290,20200622,    2,   41
  290,20200623,    0,   53
  290,20200624,    0,   56
  290,20200625,    0,   52
  290,20200626,    0,   57
  290,20200627,   -1,   42
  290,20200628,   19,   27
  290,20200629,    0,   33
  290,20200630,   59,   16
  290,20200701,  117,   18
  290,20200702,   24,   30
  290,20200703,    0,   29
  290,20200704,   24,   14
  290,20200705,   25,   21
  290,20200706,   23,   33
  290,20200707,   22,   24
  290,20200708,   72,    9
  290,20200709,   89,    9
  290,20200710,   16,   18
  290,20200711,   15,   28
  290,20200712,    0,   46
  290,20200713,    0,   50
  290,20200714,   32,   12
  290,20200715,   -1,   33
  290,20200716,    5,   16
  290,20200717,    0,   26
  290,20200718,    0,   34
  290,20200719,    0,   41
  290,20200720,   14,   40
  290,20200721,    0,   38
  290,20200722,   -1,   35
  290,20200723,   -1,   36
  290,20200724,   20,   19
  290,20200725,    7,   17
  290,20200726,   19,   36
  290,20200727,    2,   17
  290,20200728,   13,   30
  290,20200729,    0,   31
  290,20200730,    0,   43
  290,20200731,    0,   51
  290,20200801,   14,   32
  290,20200802,   -1,   30
  290,20200803,   -1,   25
  290,20200804,    0,   32
  290,20200805,    0,   46
  290,20200806,    0,   48
  290,20200807,    0,   48
  290,20200808,    0,   48
  290,20200809,    0,   29
  290,20200810,    0,   44
  290,20200811,    0,   44
  290,20200812,    0,   46
  290,20200813,   27,   37
  290,20200814,   26,   39
  290,20200815,    0,   23
  290,20200816,  111,   33
  290,20200817,    2,   18
  290,20200818,    0,   37
  290,20200819,   -1,   36
  290,20200820,    2,   23
  290,20200821,   10,   28
  290,20200822,    7,   28
  290,20200823,   11,   23
  290,20200824,   29,   21
  290,20200825,   22,   13
  290,20200826,  130,    7
  290,20200827,    2,   21
  290,20200828,    1,   20
  290,20200829,    0,   25
  290,20200830,    1,   13
  290,20200831,   -1,   20
  290,20200901,   -1,   16
  290,20200902,    0,   32
  290,20200903,   82,    6
  290,20200904,   42,   23
  290,20200905,   19,   19
  290,20200906,   -1,   18
  290,20200907,    0,   24
  290,20200908,   -1,    8
  290,20200909,    8,    6
  290,20200910,    0,   18
  290,20200911,    0,   23
  290,20200912,    0,   17
  290,20200913,    0,   26
  290,20200914,    0,   29
  290,20200915,    0,   29
  290,20200916,    0,   25
  290,20200917,    0,   25
  290,20200918,    0,   28
  290,20200919,    0,   27
  290,20200920,    0,   27
  290,20200921,    0,   25
  290,20200922,    0,   23
  290,20200923,   18,   19
  290,20200924,   16,   22
  290,20200925,   20,   11
  290,20200926,  242,   11
  290,20200927,   13,    9
  290,20200928,    4,    3
  290,20200929,   10,    3
  290,20200930,    6,   14
  290,20201001,   12,    8
  290,20201002,    0,   17
  290,20201003,   31,    7
  290,20201004,    5,   10
  290,20201005,   11,    6
  290,20201006,   43,    6
  290,20201007,   15,   10
  290,20201008,  110,    3
  290,20201009,    3,    7
  290,20201010,   98,   11
  290,20201011,   18,    9
  290,20201012,    3,    8
  290,20201013,    0,   13
  290,20201014,    0,    7
  290,20201015,   -1,    6
  290,20201016,    0,    8
  290,20201017,    0,    8
  290,20201018,   -1,    5
  290,20201019,   -1,    6
  290,20201020,   14,    3
  290,20201021,   77,    6
  290,20201022,    0,   11
  290,20201023,   -1,    7
  290,20201024,    6,    4
  290,20201025,   22,    3
  290,20201026,   -1,    5
  290,20201027,    9,    4
  290,20201028,  161,    7
  290,20201029,   57,    7
  290,20201030,   11,    2
  290,20201031,   14,    5
  290,20201101,   29,    6
  290,20201102,   36,    3
  290,20201103,    0,   10
  290,20201104,    0,    8
  290,20201105,    0,    9
  290,20201106,    0,    8
  290,20201107,    0,    8
  290,20201108,    0,    7
  290,20201109,   -1,    4
  290,20201110,    0,    3
  290,20201111,    3,    2
  290,20201112,   28,    5
  290,20201113,    2,    5
  290,20201114,    3,    5
  290,20201115,   46,    5
  290,20201116,   17,    3
  290,20201117,   33,    1
  290,20201118,   -1,    6
  290,20201119,   19,    3
  290,20201120,   -1,    6
  290,20201121,    1,    1
  290,20201122,   13,    3
  290,20201123,    0,    6
  290,20201124,    0,    5
  290,20201125,    0,    5
  290,20201126,   40,    1
  290,20201127,    4,    1
  290,20201128,    0,    1
  290,20201129,    0,    5
  290,20201130,   76,    1
  290,20201201,   33,    1
  290,20201202,    1,    1
  290,20201203,   19,    1
  290,20201204,   19,    2
  290,20201205,    0,    3
  290,20201206,   37,    1
  290,20201207,  115,    1
  290,20201208,    0,    1
  290,20201209,    0,    1
  290,20201210,    0,    1
  290,20201211,    1,    2
  290,20201212,   19,    1
  290,20201213,    5,    1
  290,20201214,   42,    1
  290,20201215,   54,    1
  290,20201216,    0,    4
  290,20201217,   34,    2
  290,20201218,    0,    4
  290,20201219,   -1,    4
  290,20201220,   -1,    3
  290,20201221,  123,    1
  290,20201222,  113,    1
  290,20201223,  159,    1
  290,20201224,  113,    2
  290,20201225,   -1,    3
  290,20201226,    4,    2
  290,20201227,  185,    0
  290,20201228,   18,    3
  290,20201229,    3,    1
  290,20201230,   -1,    1
  290,20201231,    6,    2
  290,20210101,   -1,    2
  290,20210102,   11,    1
  290,20210103,   12,    1
  290,20210104,   24,    1
  290,20210105,    1,    1
  290,20210106,    7,    1
  290,20210107,   31,    1
  290,20210108,    2,    2
  290,20210109,    7,    2
  290,20210110,    2,    3
  290,20210111,   25,    1
  290,20210112,  111,    3
  290,20210113,    8,    2
  290,20210114,    0,    2
  290,20210115,   -1,    1
  290,20210116,    9,    1
  290,20210117,   18,    2
  290,20210118,   11,    2
  290,20210119,  132,    1
  290,20210120,   -1,    4
  290,20210121,   84,    4
  290,20210122,   39,    4
  290,20210123,   -1,    4
  290,20210124,    4,    4
  290,20210125,   21,    6
  290,20210126,   33,    5
  290,20210127,   44,    1
  290,20210128,   59,    1
  290,20210129,  138,    2
  290,20210130,    0,    4
  290,20210131,   -1,    6
  290,20210201,    1,    2
  290,20210202,   31,    2
  290,20210203,  137,    1
  290,20210204,   -1,    4
  290,20210205,    2,    4
  290,20210206,   17,    2
  290,20210207,  177,    2
  290,20210208,   51,    2
  290,20210209,    1,    4
  290,20210210,   -1,    4
  290,20210211,    0,    7
  290,20210212,   -1,    7
  290,20210213,    0,    9
  290,20210214,    0,    9
  290,20210215,   29,    2
  290,20210216,    9,    6
  290,20210217,    2,    5
  290,20210218,   61,    6
  290,20210219,    0,   11
  290,20210220,    0,   13
  290,20210221,    0,   15
  290,20210222,    0,   10
  290,20210223,    0,   14
  290,20210224,    0,   17
  290,20210225,   21,   15
  290,20210226,   -1,   13
  290,20210227,    0,   11
  290,20210228,    0,   13
  290,20210301,    0,   14
  290,20210302,    0,   16
  290,20210303,    0,   11
  290,20210304,   -1,    3
  290,20210305,    0,   15
  290,20210306,    0,    8
  290,20210307,   -1,    6
  290,20210308,   31,    7
  290,20210309,   45,    3
  290,20210310,   22,    6
  290,20210311,   95,    6
  290,20210312,   42,    7
  290,20210313,  111,    7
  290,20210314,   87,   12
  290,20210315,   39,   11
  290,20210316,   10,   14
  290,20210317,   14,   11
  290,20210318,   40,    7
  290,20210319,   -1,   15
  290,20210320,    7,   14
  290,20210321,    5,    9
  290,20210322,    1,    9
  290,20210323,    0,   12
  290,20210324,    0,   21
  290,20210325,   -1,   14
  290,20210326,    0,   18
  290,20210327,   38,   13
  290,20210328,    3,   11
  290,20210329,    0,   29
  290,20210330,    0,   30
  290,20210331,    0,   30
  290,20210401,    0,   26
  290,20210402,   -1,    8
  290,20210403,    0,   21
  290,20210404,   -1,    9
  290,20210405,   60,   13
  290,20210406,   34,   12
  290,20210407,   22,   12
  290,20210408,    0,   14
  290,20210409,   -1,   18
  290,20210410,  113,    6
  290,20210411,    7,   10
  290,20210412,   38,   16
  290,20210413,   11,   21
  290,20210414,    5,   19
  290,20210415,    0,   19
  290,20210416,    0,   26
  290,20210417,    0,   25
  290,20210418,    0,   25
  290,20210419,   22,   20
  290,20210420,    0,   27
  290,20210421,    0,   24
  290,20210422,    0,   22
  290,20210423,    0,   27
  290,20210424,    0,   29
  290,20210425,    0,   21
  290,20210426,    0,   32
  290,20210427,    0,   35
  290,20210428,   32,   34
  290,20210429,   10,    9
  290,20210430,    7,   11
  290,20210501,    0,   20
  290,20210502,   -1,   23
  290,20210503,   -1,   22
  290,20210504,  114,   15
  290,20210505,   39,   24
  290,20210506,   27,   20
  290,20210507,   -1,   28
  290,20210508,   19,   15
  290,20210509,   -1,   32
  290,20210510,   -1,   19
  290,20210511,   44,   12
  290,20210512,   75,   30
  290,20210513,    4,   25
  290,20210514,   49,   18
  290,20210515,   78,   21
  290,20210516,   60,   20
  290,20210517,   71,   17
  290,20210518,   69,   21
  290,20210519,   61,   22
  290,20210520,   -1,   26
  290,20210521,   52,   25
  290,20210522,   27,   10
  290,20210523,   29,   24
  290,20210524,   29,   19
  290,20210525,   39,   18
  290,20210526,  102,   21
  290,20210527,  107,    9
  290,20210528,    0,   38
  290,20210529,    0,   34
  290,20210530,    0,   47
  290,20210531,    0,   46
  290,20210601,    0,   54
  290,20210602,    0,   50
  290,20210603,   28,   30
  290,20210604,   -1,   41
  290,20210605,   72,   10
  290,20210606,    0,   12
  290,20210607,    0,   39
  290,20210608,    0,   40
  290,20210609,    0,   40
  290,20210610,    0,   47
  290,20210611,    0,   35
  290,20210612,    0,   32
  290,20210613,    0,   51
  290,20210614,    0,   54
  290,20210615,    0,   47
  290,20210616,    0,   51
  290,20210617,    7,   56
  290,20210618,   26,   45
  290,20210619,   25,   47
  290,20210620,   18,   38
  290,20210621,  469,   10
  290,20210622,    3,   37
  290,20210623,    0,   26
  290,20210624,    0,   32
  290,20210625,    0,   32
  290,20210626,    0,   40
  290,20210627,   -1,   48
  290,20210628,   36,   30
  290,20210629,   17,   15
  290,20210630,    4,    9
  290,20210701,   69,    7
  290,20210702,    0,   25
  290,20210703,   17,   42
  290,20210704,   18,   24
  290,20210705,   49,   24
  290,20210706,    3,   29
  290,20210707,    0,   40
  290,20210708,    5,   26
  290,20210709,    0,   37
  290,20210710,    0,   30
  290,20210711,   27,   30
  290,20210712,    0,   34
  290,20210713,  105,   10
  290,20210714,   24,   11
  290,20210715,   76,    7
  290,20210716,   -1,   20
  290,20210717,    0,   50
  290,20210718,    0,   47
  290,20210719,    0,   28
  290,20210720,    0,   33
  290,20210721,    0,   25
  290,20210722,    0,   41
  290,20210723,    0,   25
  290,20210724,  225,   29
  290,20210725,    1,   41
  290,20210726,   -1,   40
  290,20210727,   71,   30
  290,20210728,    5,   31
  290,20210729,   -1,   35
  290,20210730,   17,   33
  290,20210731,   68,   18
  290,20210801,   27,   21
  290,20210802,    0,   31
  290,20210803,    0,   21
  290,20210804,    0,   37
  290,20210805,    6,   29
  290,20210806,   10,   26
  290,20210807,   16,   32
  290,20210808,   81,   27
  290,20210809,    2,   29
  290,20210810,   -1,   30
  290,20210811,    0,   35
  290,20210812,   -1,   37
  290,20210813,    0,   29
  290,20210814,    0,   35
  290,20210815,    0,   36
  290,20210816,   42,   16
  290,20210817,    9,   14
  290,20210818,    7,   16
  290,20210819,   55,    8
  290,20210820,   61,   18
  290,20210821,    0,   26
  290,20210822,   16,   21
  290,20210823,    2,   30
  290,20210824,    0,   35
  290,20210825,    6,   30
  290,20210826,    5,   27
  290,20210827,   50,   22
  290,20210828,    6,   14
  290,20210829,   52,    7
  290,20210830,   -1,   20
  290,20210831,    0,   31
  290,20210901,    0,   11
  290,20210902,    0,   26
  290,20210903,    0,   33
  290,20210904,    0,   29
  290,20210905,    0,   32
  290,20210906,    0,   28
  290,20210907,    0,   28
  290,20210908,    0,   34
  290,20210909,   18,   27
  290,20210910,   27,   20
  290,20210911,    3,   14
  290,20210912,    0,   24
  290,20210913,    4,   12
  290,20210914,    0,   25
  290,20210915,   76,    9
  290,20210916,   12,   17
  290,20210917,    0,   15
  290,20210918,    0,   21
  290,20210919,    0,   10
  290,20210920,    0,   13
  290,20210921,    0,   17
  290,20210922,    0,   22
  290,20210923,    4,   11
  290,20210924,   -1,   10
  290,20210925,   -1,   10
  290,20210926,    0,   17
  290,20210927,   25,   13
  290,20210928,    0,   23
  290,20210929,   81,    5
  290,20210930,    5,   16
  290,20211001,   31,   16
  290,20211002,   27,   13
  290,20211003,  129,    3
  290,20211004,    0,   17
  290,20211005,   30,   14
  290,20211006,   53,    5
  290,20211007,    0,    6
  290,20211008,    0,   19
  290,20211009,    0,   17
  290,20211010,   10,   16
  290,20211011,   -1,   14
  290,20211012,   51,   10
  290,20211013,   -1,   10
  290,20211014,    9,    5
  290,20211015,   16,   12
  290,20211016,    0,    6
  290,20211017,   -1,    8
  290,20211018,   -1,   11
  290,20211019,    5,    3
  290,20211020,  230,    4
  290,20211021,  144,    6
  290,20211022,   57,    6
  290,20211023,    1,   12
  290,20211024,    0,   13
  290,20211025,    0,    6
  290,20211026,    0,    7
  290,20211027,    1,    7
  290,20211028,    0,   13
  290,20211029,   11,   12
  290,20211030,   53,    3
  290,20211031,  155,    9
  290,20211101,   -1,    8
  290,20211102,   18,    7
  290,20211103,    0,    4
  290,20211104,    0,    5
  290,20211105,    2,    5
  290,20211106,    3,    4
  290,20211107,   53,    5
  290,20211108,   -1,    6
  290,20211109,    0,    9
  290,20211110,    0,    7
  290,20211111,   -1,    3
  290,20211112,   -1,    7
  290,20211113,   32,    2
  290,20211114,    0,    2
  290,20211115,    0,    1
  290,20211116,   -1,    1
  290,20211117,    4,    3
  290,20211118,   -1,    6
  290,20211119,    0,    3
  290,20211120,    8,    1
  290,20211121,   18,    4
  290,20211122,    0,    6
  290,20211123,   10,    3
  290,20211124,    2,    4
  290,20211125,    3,    2
  290,20211126,  123,    3
  290,20211127,   17,    1
  290,20211128,    5,    2
  290,20211129,    3,    3
  290,20211130,   73,    2
  290,20211201,   49,    1
  290,20211202,   21,    2
  290,20211203,   12,    2
  290,20211204,   62,    1
  290,20211205,    2,    2
  290,20211206,   14,    2
  290,20211207,   36,    4
  290,20211208,    6,    3
  290,20211209,    2,    2
  290,20211210,    0,    4
  290,20211211,     ,     
  290,20211212,     ,     
  290,20211213,     ,     
  290,20211214,   15,    2
  290,20211215,    4,    2
  290,20211216,    0,    1
  290,20211217,    1,    2
  290,20211218,    4,    2
  290,20211219,   11,    1
  290,20211220,    0,    5
  290,20211221,    0,    4
  290,20211222,    0,    3
  290,20211223,   56,    1
  290,20211224,   35,    1
  290,20211225,   -1,    4
  290,20211226,    0,    3
  290,20211227,    5,    2
  290,20211228,   34,    1
  290,20211229,   54,    1
  290,20211230,   33,    1
  290,20211231,    3,    2
  290,20220101,   -1,    3
  290,20220102,   41,    2
  290,20220103,    4,    3
  290,20220104,    6,    2
  290,20220105,   36,    2
  290,20220106,   -1,    4
  290,20220107,   14,    2
  290,20220108,   32,    3
  290,20220109,   75,    4
  290,20220110,    0,    2
  290,20220111,    0,    5
  290,20220112,   12,    2
  290,20220113,    0,    1
  290,20220114,    2,    2
  290,20220115,   -1,    1
  290,20220116,    2,    2
  290,20220117,    3,    2
  290,20220118,    0,    2
  290,20220119,    8,    1
  290,20220120,   40,    4
  290,20220121,   10,    2
  290,20220122,    8,    2
  290,20220123,    0,    2
  290,20220124,    0,    2
  290,20220125,    0,    1
  290,20220126,    0,    1
  290,20220127,   21,    1
  290,20220128,    2,    5
  290,20220129,    9,    1
  290,20220130,   -1,    7
  290,20220131,  112,    3
  290,20220201,   33,    2
  290,20220202,    1,    8
  290,20220203,    5,    2
  290,20220204,   50,    3
  290,20220205,   54,    6
  290,20220206,  330,    2
  290,20220207,    4,    7
  290,20220208,    4,    4
  290,20220209,    4,    3
  290,20220210,   19,    4
  290,20220211,    6,    6
  290,20220212,    0,    9
  290,20220213,    0,    9
  290,20220214,    6,    5
  290,20220215,   47,    8
  290,20220216,  146,    2
  290,20220217,   36,    9
  290,20220218,   17,    2
  290,20220219,  105,    6
  290,20220220,  275,    2
  290,20220221,  107,    3
  290,20220222,   59,    5
  290,20220223,    0,   15
  290,20220224,   27,    6
  290,20220225,   44,    8
  290,20220226,    0,   11
  290,20220227,    0,   15
  290,20220228,    0,   15
  290,20220301,    0,   10
  290,20220302,    0,   16
  290,20220303,    0,   16
  290,20220304,    0,   15
  290,20220305,    0,   15
  290,20220306,    0,   14
  290,20220307,    0,   14
  290,20220308,    0,   18
  290,20220309,    0,   18
  290,20220310,    0,   20
  290,20220311,    0,   20
  290,20220312,    0,   16
  290,20220313,    0,   20
  290,20220314,   31,    9
  290,20220315,    0,    7
  290,20220316,    0,   18
  290,20220317,   15,   11
  290,20220318,    0,   21
  290,20220319,    0,   22
  290,20220320,   23,   10
  290,20220321,   14,   22
  290,20220322,    0,   24
  290,20220323,    0,   25
  290,20220324,    0,   24
  290,20220325,     ,     
  290,20220326,     ,     
  290,20220327,     ,     
  290,20220328,     ,     
  290,20220329,    0,   20
  290,20220330,    0,   13
  290,20220331,   29,    4
  290,20220401,   19,    7
  290,20220402,   -1,   13
  290,20220403,    1,   11
  290,20220404,  231,    4
  290,20220405,   50,    7
  290,20220406,   29,    6
  290,20220407,  179,   12
  290,20220408,    6,   16
  290,20220409,   61,   15
  290,20220410,    2,   23
  290,20220411,    0,   27
  290,20220412,    0,   30
  290,20220413,   13,   22
  290,20220414,    0,   24
  290,20220415,    0,    8
  290,20220416,    0,   34
  290,20220417,    0,   36
  290,20220418,    0,   37
  290,20220419,    0,   36
  290,20220420,    0,   36
  290,20220421,    0,   33
  290,20220422,    0,   30
  290,20220423,    0,   36
  290,20220424,   -1,   30
  290,20220425,    3,    7
  290,20220426,    0,   28
  290,20220427,    0,   32
  290,20220428,    0,   36
  290,20220429,    0,   22
  290,20220430,    0,   20
  290,20220501,    0,   17
  290,20220502,    0,   35
  290,20220503,    0,   26
  290,20220504,    0,   36
  290,20220505,    0,   33
  290,20220506,    0,   39
  290,20220507,   -1,   27
  290,20220508,    0,   42
  290,20220509,    0,   44
  290,20220510,   -1,   26
  290,20220511,    6,   42
  290,20220512,    0,   38
  290,20220513,    0,   27
  290,20220514,    0,   40
  290,20220515,    0,   48
  290,20220516,    2,   27
  290,20220517,   -1,   23
  290,20220518,    0,   44
  290,20220519,  167,   26
  290,20220520,   50,   29
  290,20220521,    0,   26
  290,20220522,    0,   42
  290,20220523,   44,   34
  290,20220524,   44,   24
  290,20220525,   -1,   33
  290,20220526,    1,   29
  290,20220527,   23,   39
  290,20220528,   -1,   29
  290,20220529,    6,   19
  290,20220530,    0,   26
  290,20220531,   -1,   25
  290,20220601,   46,   27
  290,20220602,    0,   39
  290,20220603,    0,   49
  290,20220604,    0,   47
  290,20220605,   53,   19
  290,20220606,   83,   26
  290,20220607,    7,   27
  290,20220608,  103,   25
  290,20220609,   -1,   38
  290,20220610,   -1,   28
  290,20220611,    0,   46
  290,20220612,    0,   43
  290,20220613,   10,   39
  290,20220614,    0,   43
  290,20220615,    0,   54
  290,20220616,    0,   47
  290,20220617,    0,   44
  290,20220618,   -1,   51
  290,20220619,   38,   26
  290,20220620,   -1,   37
  290,20220621,    0,   43
  290,20220622,    0,   56
  290,20220623,    0,   56
  290,20220624,  152,   24
  290,20220625,    0,   42
  290,20220626,   16,   30
  290,20220627,   68,   13
  290,20220628,    0,   53
  290,20220629,    0,   37
  290,20220630,   78,   51
  290,20220701,   -1,   39
  290,20220702,    0,   41
  290,20220703,    0,   45
  290,20220704,    0,   42
  290,20220705,    0,   35
  290,20220706,   -1,   30
  290,20220707,   27,   22
  290,20220708,    0,   33
  290,20220709,   -1,   35
  290,20220710,    8,   16
  290,20220711,   -1,   22
  290,20220712,   -1,   44
  290,20220713,    2,   48
  290,20220714,    0,   40
  290,20220715,   -1,   33
  290,20220716,    1,   42
  290,20220717,    0,   47
  290,20220718,    0,   51
  290,20220719,    0,   56
  290,20220720,   49,   47
  290,20220721,   91,   17
  290,20220722,   -1,   22
  290,20220723,    0,   46
  290,20220724,    0,   52
  290,20220725,    0,   35
  290,20220726,   -1,   24
  290,20220727,    0,   35
  290,20220728,    0,   46
  290,20220729,    6,   19
  290,20220730,    0,   42
  290,20220731,   14,   17
  290,20220801,   11,   28
  290,20220802,    0,   42
  290,20220803,    0,   50
  290,20220804,   51,   35
  290,20220805,   26,   29
  290,20220806,    0,   36
  290,20220807,    0,   41
  290,20220808,    0,   38
  290,20220809,    0,   46
  290,20220810,    0,   47
  290,20220811,    0,   48
  290,20220812,    0,   48
  290,20220813,    0,   49
  290,20220814,   -1,   46
  290,20220815,   -1,   24
  290,20220816,   -1,   42
  290,20220817,    7,   16
  290,20220818,    0,   20
  290,20220819,   19,   37
  290,20220820,    0,   33
  290,20220821,    0,   34
  290,20220822,    0,   25
  290,20220823,    0,   34
  290,20220824,    0,   39
  290,20220825,    0,   43
  290,20220826,   -1,   11
  290,20220827,    0,   19
  290,20220828,    0,   29
  290,20220829,    0,   24
  290,20220830,    0,   36
  290,20220831,    0,   34
  290,20220901,    0,   35
  290,20220902,    0,   33
  290,20220903,    0,   36
  290,20220904,    0,   31
  290,20220905,    0,   34
  290,20220906,   16,   33
  290,20220907,   58,   20
  290,20220908,   53,   16
  290,20220909,   31,   19
  290,20220910,   -1,   14
  290,20220911,    1,   19
  290,20220912,    0,   27
  290,20220913,   -1,   21
  290,20220914,    0,   12
  290,20220915,    7,   15
  290,20220916,   23,   26
  290,20220917,  112,   22
  290,20220918,  119,    5
  290,20220919,   24,   22
  290,20220920,   -1,   16
  290,20220921,    0,   23
  290,20220922,    0,   21
  290,20220923,    3,   13
  290,20220924,   64,    4
  290,20220925,   -1,   16
  290,20220926,   94,    5
  290,20220927,   23,   12
  290,20220928,   25,   12
  290,20220929,    0,   18
  290,20220930,    1,   20
  290,20221001,  172,   14
  290,20221002,   15,   17
  290,20221003,    0,   15
  290,20221004,    0,   21
  290,20221005,    1,   13
  290,20221006,    0,   19
  290,20221007,    0,   20
  290,20221008,    7,   16
  290,20221009,    0,   18
  290,20221010,   11,   12
  290,20221011,    0,   13
  290,20221012,    0,   15
  290,20221013,   22,    6
  290,20221014,   10,    5
  290,20221015,    9,    6
  290,20221016,    4,   15
  290,20221017,   68,    4
  290,20221018,    0,   15
  290,20221019,    0,   13
  290,20221020,   39,    6
  290,20221021,    7,    7
  290,20221022,    1,    9
  290,20221023,    4,    6
  290,20221024,   22,    7
  290,20221025,    0,    9
  290,20221026,    0,   13
  290,20221027,   -1,   11
  290,20221028,    0,   11
  290,20221029,    0,   10
  290,20221030,    0,   11
  290,20221031,    0,    7
  290,20221101,   -1,   12
  290,20221102,   31,   10
  290,20221103,   54,    7
  290,20221104,   11,    8
  290,20221105,   -1,    8
  290,20221106,   20,    8
  290,20221107,   -1,    4
  290,20221108,    0,    6
  290,20221109,   -1,    7
  290,20221110,    0,    8
  290,20221111,    0,    7
  290,20221112,    0,    8
  290,20221113,    0,    9
  290,20221114,    0,    7
  290,20221115,   26,    6
  290,20221116,  117,    6
  290,20221117,  134,    2
  290,20221118,   12,    2
  290,20221119,    0,    6
  290,20221120,   60,    5
  290,20221121,    3,    2
  290,20221122,    9,    3
  290,20221123,    9,    6
  290,20221124,    4,    4
  290,20221125,   20,    5
  290,20221126,    0,    3
  290,20221127,   36,    1
  290,20221128,   36,    2
  290,20221129,   -1,    2
  290,20221130,    3,    1
  290,20221201,    0,    1
  290,20221202,   -1,    1
  290,20221203,    0,    1
  290,20221204,    0,    1
  290,20221205,   37,    1
  290,20221206,    2,    4
  290,20221207,   -1,    4
  290,20221208,   12,    2
  290,20221209,    0,    1
  290,20221210,    0,    1
  290,20221211,   -1,    0
  290,20221212,    0,    2
  290,20221213,    0,    4
  290,20221214,    0,    4
  290,20221215,    0,    4
  290,20221216,   -1,    2
  290,20221217,    0,    1
  290,20221218,    3,    2
  290,20221219,   20,    1
  290,20221220,  121,    1
  290,20221221,    9,    2
  290,20221222,   31,    4
  290,20221223,  129,    1
  290,20221224,   10,    3
  290,20221225,   72,    1
  290,20221226,    9,    2
  290,20221227,    0,    4
  290,20221228,   46,    1
  290,20221229,   31,    2
  290,20221230,   23,    2
  290,20221231,  231,    1
  290,20230101,   31,    2
  290,20230102,   89,    2
  290,20230103,    1,    2
  290,20230104,  115,    1
  290,20230105,   13,    1
  290,20230106,   12,    4
  290,20230107,   10,    3
  290,20230108,   12,    4
  290,20230109,   77,    2
  290,20230110,   21,    3
  290,20230111,   68,    3
  290,20230112,  193,    1
  290,20230113,   23,    3
  290,20230114,  109,    1
  290,20230115,   40,    3
  290,20230116,   63,    1
  290,20230117,   17,    4
  290,20230118,   -1,    6
  290,20230119,   35,    5
  290,20230120,   -1,    1
  290,20230121,    0,    2
  290,20230122,   -1,    1
  290,20230123,   -1,    2
  290,20230124,    0,    1
  290,20230125,    0,    1
  290,20230126,    6,    4
  290,20230127,   -1,    3
  290,20230128,    0,    5
  290,20230129,   -1,    2
  290,20230130,   34,    4
  290,20230131,    4,    2
  290,20230201,   31,    2
  290,20230202,  163,    1
  290,20230203,    1,    2
  290,20230204,   -1,    6
  290,20230205,   29,    3
  290,20230206,    0,    5
  290,20230207,    0,    8
  290,20230208,    0,    9
  290,20230209,    0,    6
  290,20230210,    0,    8
  290,20230211,    0,    5
  290,20230212,    0,    4
  290,20230213,    0,    8
  290,20230214,    0,   11
  290,20230215,    0,   11
  290,20230216,    9,    4
  290,20230217,    5,    2
  290,20230218,   62,    2
  290,20230219,   28,    6
  290,20230220,    0,    2
  290,20230221,    1,    2
  290,20230222,    1,    8
  290,20230223,    1,    2
  290,20230224,   61,    4
  290,20230225,    7,   11
  290,20230226,    0,   12
  290,20230227,    0,   10
  290,20230228,    0,   13
  290,20230301,    0,   14
  290,20230302,    0,   14
  290,20230303,    0,    8
  290,20230304,    2,    5
  290,20230305,    6,    9
  290,20230306,   23,    9
  290,20230307,   34,    5
  290,20230308,   -1,    6
  290,20230309,  156,    3
  290,20230310,  255,    3
  290,20230311,   -1,   16
  290,20230312,    7,    4
  290,20230313,   37,   11
  290,20230314,   64,   10
  290,20230315,   -1,   18
  290,20230316,    1,   11
  290,20230317,   -1,   16
  290,20230318,    5,   18
  290,20230319,    3,   16
  290,20230320,    3,    8
  290,20230321,   15,    9
  290,20230322,   36,    7
  290,20230323,   38,   13
  290,20230324,   30,   12
  290,20230325,   68,   13
  290,20230326,    4,    6
  290,20230327,   12,   17
  290,20230328,   -1,   17
  290,20230329,   -1,   10
  290,20230330,   13,   14
  290,20230331,  106,   10
  290,20230401,   76,    8
  290,20230402,   -1,   24
  290,20230403,    0,   25
  290,20230404,    0,   24
  290,20230405,    0,   26
  290,20230406,   50,   17
  290,20230407,   37,    8
  290,20230408,    0,   16
  290,20230409,    0,   30
  290,20230410,   24,   19
  290,20230411,    9,   26
  290,20230412,   80,   10
  290,20230413,   39,   18
  290,20230414,    0,   26
  290,20230415,   -1,    8
  290,20230416,    0,   17
  290,20230417,    7,   23
  290,20230418,    0,   24
  290,20230419,    0,   34
  290,20230420,    4,   18
  290,20230421,   88,   14
  290,20230422,   41,   22
  290,20230423,    5,   25
  290,20230424,  107,    9
  290,20230425,    5,   21
  290,20230426,    0,   15
  290,20230427,    0,   32
  290,20230428,   15,   11
  290,20230429,    1,   24
  290,20230430,    0,   35
  290,20230501,    0,   28
  290,20230502,    2,   23
  290,20230503,    0,   37
  290,20230504,    0,   37
  290,20230505,   54,   24
  290,20230506,   25,   31
  290,20230507,   -1,   25
  290,20230508,   18,   27
  290,20230509,  138,   14
  290,20230510,   33,   20
  290,20230511,  140,   14
  290,20230512,   -1,   34
  290,20230513,    0,   43
  290,20230514,    0,   33
  290,20230515,   -1,   33
  290,20230516,   -1,   24
  290,20230517,    0,   35
  290,20230518,    0,   38
  290,20230519,    0,   39
  290,20230520,    0,   41
  290,20230521,   -1,   37
  290,20230522,   31,   35
  290,20230523,   -1,   25
  290,20230524,    0,   21
  290,20230525,    0,   33
  290,20230526,    0,   43
  290,20230527,    0,   46
  290,20230528,    0,   45
  290,20230529,    0,   43
  290,20230530,    0,   30
  290,20230531,    0,   49
  290,20230601,    0,   21
  290,20230602,    0,   26
  290,20230603,    0,   51
  290,20230604,    0,   49
  290,20230605,    0,   48
  290,20230606,    0,   46
  290,20230607,   -1,   36
  290,20230608,    0,   43
  290,20230609,    0,   52
  290,20230610,    0,   57
  290,20230611,    0,   56
  290,20230612,    0,   53
  290,20230613,    0,   56
  290,20230614,    0,   54
  290,20230615,    0,   50
  290,20230616,    0,   51
  290,20230617,    0,   51
  290,20230618,   -1,   33
  290,20230619,   -1,   43
  290,20230620,   55,   37
  290,20230621,    0,   45
  290,20230622,  482,   16
  290,20230623,   33,   51
  290,20230624,    0,   53
  290,20230625,    0,   57
  290,20230626,    0,   43
  290,20230627,    0,   36
  290,20230628,    2,   16
  290,20230629,   20,   21
  290,20230630,   -1,   38
  290,20230701,   25,   12
  290,20230702,    4,   43
  290,20230703,   17,   17
  290,20230704,   31,   23
  290,20230705,   81,   15
  290,20230706,    0,   38
  290,20230707,    0,   54
  290,20230708,    0,   54
  290,20230709,  351,   39
  290,20230710,   -1,   45
  290,20230711,   92,   46
  290,20230712,   27,   39
  290,20230713,    5,   32
  290,20230714,   -1,   34
  290,20230715,    2,   36
  290,20230716,   -1,   33
  290,20230717,   30,   31
  290,20230718,    0,   47
  290,20230719,   19,   26
  290,20230720,   22,   34
  290,20230721,    6,   32
  290,20230722,   26,   20
  290,20230723,   21,   15
  290,20230724,   82,   23
  290,20230725,    0,   37
  290,20230726,   18,   31
  290,20230727,  130,   10
  290,20230728,    2,   29
  290,20230729,    4,   28
  290,20230730,   12,   28
  290,20230731,  222,   10
  290,20230801,   78,   25
  290,20230802,  192,   14
  290,20230803,  176,   20
  290,20230804,   21,   29
  290,20230805,   59,   18
  290,20230806,  209,   19
  290,20230807,   41,   27
  290,20230808,   38,   24
  290,20230809,    0,   33
  290,20230810,    0,   23
  290,20230811,    8,   42
  290,20230812,  109,   20
  290,20230813,    0,   30
  290,20230814,    1,   40
  290,20230815,   -1,   38
  290,20230816,   -1,   28
  290,20230817,    0,    9
  290,20230818,    0,   29
  290,20230819,    5,   16
  290,20230820,    0,   41
  290,20230821,    0,   30
  290,20230822,    0,   26
  290,20230823,    0,   39
  290,20230824,    9,   25
  290,20230825,   24,    9
  290,20230826,   10,   29
  290,20230827,   84,   22
  290,20230828,   -1,   22
  290,20230829,   -1,   17
  290,20230830,   25,   15
  290,20230831,    9,   23
  290,20230901,   16,    9
  290,20230902,    0,   18
  290,20230903,    0,   30
  290,20230904,    0,   34
  290,20230905,    0,   37
  290,20230906,    0,   37
  290,20230907,    0,   37
  290,20230908,    0,   36
  290,20230909,    0,   33
  290,20230910,    0,   31
  290,20230911,   36,   32
  290,20230912,   37,   23
  290,20230913,   56,   15
  290,20230914,    0,   25
  290,20230915,    0,   29
  290,20230916,    0,   27
  290,20230917,   49,   17
  290,20230918,  162,   17
  290,20230919,   -1,   16
  290,20230920,    0,   19
  290,20230921,   74,   10
  290,20230922,    8,   17
  290,20230923,    6,   12
  290,20230924,    0,   25
  290,20230925,    0,   20
  290,20230926,    0,   18
  290,20230927,    0,   19
  290,20230928,    0,   20
  290,20230929,   34,   10
  290,20230930,    0,   19
  290,20231001,    0,   20
  290,20231002,    0,   15
  290,20231003,   45,    8
  290,20231004,    0,   13
  290,20231005,   -1,   10
  290,20231006,    0,   16
  290,20231007,   -1,   14
  290,20231008,    7,   11
  290,20231009,    1,    5
  290,20231010,    0,   16
  290,20231011,    4,    7
  290,20231012,  192,    3
  290,20231013,  238,    6
  290,20231014,   57,   15
  290,20231015,   15,   13
  290,20231016,   -1,    9
  290,20231017,    0,   15
  290,20231018,   41,   10
  290,20231019,   47,    7
  290,20231020,  196,    2
  290,20231021,   17,    9
  290,20231022,   18,   10
  290,20231023,   30,    8
  290,20231024,    3,    6
  290,20231025,   77,    4
  290,20231026,    6,    4
  290,20231027,  150,    2
  290,20231028,   42,    6
  290,20231029,   90,    7
  290,20231030,   63,    7
  290,20231031,  100,    6
  290,20231101,   42,    7
  290,20231102,   44,    6
  290,20231103,    7,    5
  290,20231104,   32,    4
  290,20231105,  102,    3
  290,20231106,   -1,    4
  290,20231107,    6,    5
  290,20231108,   97,    6
  290,20231109,   89,    6
  290,20231110,   49,    2
  290,20231111,    6,    5
  290,20231112,    0,    5
  290,20231113,   47,    1
  290,20231114,   88,    5
  290,20231115,   98,    4
  290,20231116,    6,    3
  290,20231117,    0,    5
  290,20231118,   72,    1
  290,20231119,   67,    3
  290,20231120,   52,    4
  290,20231121,    4,    2
  290,20231122,    1,    4
  290,20231123,   26,    2
  290,20231124,   52,    3
  290,20231125,   53,    3
  290,20231126,   13,    3
  290,20231127,  207,    1
  290,20231128,   26,    3
  290,20231129,   72,    3
  290,20231130,   -1,    2
  290,20231201,   -1,    2
  290,20231202,   -1,    2
  290,20231203,   15,    4
  290,20231204,   34,    2
  290,20231205,   10,    1
  290,20231206,   12,    1
  290,20231207,    0,    2
  290,20231208,   16,    1
  290,20231209,   97,    2
  290,20231210,   67,    1
  290,20231211,   51,    2
  290,20231212,   44,    3
  290,20231213,   39,    1
  290,20231214,    0,    1
  290,20231215,    4,    2
  290,20231216,    0,    1
  290,20231217,    0,    1
  290,20231218,    0,    1
  290,20231219,  171,    1
  290,20231220,  138,    1
  290,20231221,  222,    1
  290,20231222,  138,    1
  290,20231223,  139,    1
  290,20231224,  163,    1
  290,20231225,  131,    2
  290,20231226,   57,    3
  290,20231227,   23,    1
  290,20231228,    1,    2
  290,20231229,   67,    2
  290,20231230,    0,    3
  290,20231231,    4,    2
  290,20240101,   48,    2
  290,20240102,  227,    1
  290,20240103,   72,    2
  290,20240104,   32,    2
  290,20240105,  158,    1
  290,20240106,    5,    1
  290,20240107,   -1,    3
  290,20240108,   -1,    3
  290,20240109,    0,    4
  290,20240110,    0,    4
  290,20240111,    2,    1
  290,20240112,    4,    1
  290,20240113,   12,    1
  290,20240114,   62,    1
  290,20240115,   20,    3
  290,20240116,    4,    2
  290,20240117,    0,    2
  290,20240118,    0,    6
  290,20240119,    4,    5
  290,20240120,    0,    3
  290,20240121,   -1,    2
  290,20240122,   75,    3
  290,20240123,   41,    5
  290,20240124,   27,    4
  290,20240125,   19,    5
  290,20240126,   50,    2
  290,20240127,    0,    7
  290,20240128,    0,    8
  290,20240129,    0,    7
  290,20240130,   13,    4
  290,20240131,    9,    2
  290,20240201,   25,    7
  290,20240202,    2,    2
  290,20240203,   17,    2
  290,20240204,   48,    2
  290,20240205,    8,    3
  290,20240206,  142,    2
  290,20240207,   45,    5
  290,20240208,  115,    2
  290,20240209,   85,    3
  290,20240210,   10,    8
  290,20240211,    2,    3
  290,20240212,   17,    5
  290,20240213,    4,    8
  290,20240214,   86,    2
  290,20240215,  107,    3
  290,20240216,   36,    3
  290,20240217,   -1,    6
  290,20240218,  146,    2
  290,20240219,   35,    4
  290,20240220,    2,    7
  290,20240221,   60,    4
  290,20240222,   59,    5
  290,20240223,   19,    4
  290,20240224,   19,    6
  290,20240225,    5,    6
  290,20240226,    9,    3
  290,20240227,    0,    4
  290,20240228,   -1,    7
  290,20240229,   -1,    6
  290,20240301,   -1,   11
  290,20240302,    0,   16
  290,20240303,    0,   16
  290,20240304,    0,    2
  290,20240305,    8,    3
  290,20240306,    0,   10
  290,20240307,    0,    8
  290,20240308,    0,   17
  290,20240309,    0,   17
  290,20240310,    0,   14
  290,20240311,    4,    2
  290,20240312,   11,    3
  290,20240313,    6,    4
  290,20240314,    0,   21
  290,20240315,   41,    9
  290,20240316,   22,    8
  290,20240317,    2,   12
  290,20240318,    8,    8
  290,20240319,    0,   14
  290,20240320,   -1,   18
  290,20240321,    0,   11
  290,20240322,   47,    4
  290,20240323,   23,   15
  290,20240324,  129,    8
  290,20240325,    1,   18
  290,20240326,   -1,   14
  290,20240327,    2,    9
  290,20240328,   26,   12
  290,20240329,   16,   15
  290,20240330,    8,   12
  290,20240331,   30,   20
  290,20240401,   70,    8
  290,20240402,    8,   10
  290,20240403,   53,    8
  290,20240404,  123,   14
  290,20240405,   31,   12
  290,20240406,    0,   28
  290,20240407,   13,   27
  290,20240408,   14,   19
  290,20240409,   13,   17
  290,20240410,    4,   22
  290,20240411,   11,    9
  290,20240412,    0,   21
  290,20240413,    0,   30
  290,20240414,    2,   25
  290,20240415,   98,   13
  290,20240416,   66,   10
  290,20240417,   22,   12
  290,20240418,    4,   20
  290,20240419,  115,   17
  290,20240420,   31,   20
  290,20240421,   10,   22
  290,20240422,    0,   21
  290,20240423,    9,   22
  290,20240424,   37,   15
  290,20240425,   25,   16
  290,20240426,   49,   23
  290,20240427,    2,   23
  290,20240428,   -1,   28
  290,20240429,    0,   31
  290,20240430,   -1,   35
  290,20240501,    0,   42
  290,20240502,   -1,   44
  290,20240503,   27,    6
  290,20240504,  108,   24
  290,20240505,    1,   19
  290,20240506,    0,   29
  290,20240507,    0,   31
  290,20240508,    0,   25
  290,20240509,    0,   32
  290,20240510,    0,   42
  290,20240511,    0,   40
  290,20240512,    0,   48
  290,20240513,   -1,   43
  290,20240514,    0,   51
  290,20240515,    0,   42
  290,20240516,   60,   22
  290,20240517,   -1,   28
  290,20240518,   -1,   37
  290,20240519,   46,   24
  290,20240520,   15,   30
  290,20240521,  122,   37
  290,20240522,    4,   19
  290,20240523,   -1,   28
  290,20240524,   66,   15
  290,20240525,  111,   24
  290,20240526,   44,   34
  290,20240527,  163,   37
  290,20240528,   91,   37
  290,20240529,  264,   23
  290,20240530,   -1,   33
  290,20240531,    2,   27
  290,20240601,   14,   24
  290,20240602,    0,   25
  290,20240603,   -1,   16
  290,20240604,    8,   23
  290,20240605,    7,   34
  290,20240606,    0,   33
  290,20240607,    0,   34
  290,20240608,    9,   29
  290,20240609,   -1,   35
  290,20240610,  107,   12
  290,20240611,   25,   32
  290,20240612,   -1,   26
  290,20240613,    0,   33
  290,20240614,   12,   19
  290,20240615,  111,   27
  290,20240616,   62,   25
  290,20240617,    3,   31
  290,20240618,  130,   12
  290,20240619,   -1,   40
  290,20240620,    8,   34
  290,20240621,   68,    8
  290,20240622,    0,   37
  290,20240623,    0,   39
  290,20240624,    0,   53
  290,20240625,    0,   55
  290,20240626,    0,   56
  290,20240627,   -1,   54
  290,20240628,    0,   40
  290,20240629,   62,   48
  290,20240630,  143,   24
  290,20240701,   44,   26
  290,20240702,   44,   19
  290,20240703,   14,   23
  290,20240704,   48,   42
  290,20240705,    1,   13
  290,20240706,   23,   34
  290,20240707,    1,   31
  290,20240708,   -1,   41
  290,20240709,  156,   46
  290,20240710,    3,   35
  290,20240711,    0,   43
  290,20240712,  515,    7
  290,20240713,   26,   19
  290,20240714,    0,   44
  290,20240715,    2,   45
  290,20240716,   32,   32
  290,20240717,   -1,   27
  290,20240718,    0,   41
  290,20240719,    0,   44
  290,20240720,    1,   48
  290,20240721,  642,   16
  290,20240722,   -1,   41
  290,20240723,  244,   16
  290,20240724,   -1,   37
  290,20240725,    3,   29
  290,20240726,   29,   26
  290,20240727,  178,   22
  290,20240728,    0,   39
  290,20240729,    0,   48
  290,20240730,    0,   48
  290,20240731,   -1,   41
  290,20240801,  119,   21
  290,20240802,    0,   43
  290,20240803,   91,   26
  290,20240804,    8,   28
  290,20240805,    0,   38
  290,20240806,    0,   46
  290,20240807,    5,   18
  290,20240808,    0,   35
  290,20240809,   -1,   19
  290,20240810,    0,   33
  290,20240811,    0,   43
  290,20240812,    0,   46
  290,20240813,    1,   43
  290,20240814,  236,   15
  290,20240815,    0,   34
  290,20240816,   19,   14
  290,20240817,  157,   30
  290,20240818,    1,   29
  290,20240819,    0,   24
  290,20240820,   54,   31
  290,20240821,   -1,   32
  290,20240822,    0,   30
  290,20240823,    2,   23
  290,20240824,   65,   29
  290,20240825,   -1,   32
  290,20240826,    0,   28
  290,20240827,    0,   36
  290,20240828,    0,   39
  290,20240829,    0,   31
  290,20240830,    9,   17
  290,20240831,   -1,   33
  290,20240901,    0,   35
  290,20240902,   22,   31
  290,20240903,   -1,   27
  290,20240904,   45,    8
  290,20240905,    0,   30
  290,20240906,   15,   12
  290,20240907,    0,   26
  290,20240908,   -1,   26
  290,20240909,   10,   14
  290,20240910,   74,   13
  290,20240911,  167,   17
  290,20240912,    4,   18
  290,20240913,   -1,   21
  290,20240914,    0,   21
  290,20240915,    0,   20
  290,20240916,   -1,   17
  290,20240917,    0,   23
  290,20240918,    0,   19
  290,20240919,    0,   19
  290,20240920,    0,   27
  290,20240921,    0,   26
  290,20240922,    0,   23
  290,20240923,   -1,   14
  290,20240924,   23,   15
  290,20240925,    2,   11
  290,20240926,  212,   11
  290,20240927,  152,   10
  290,20240928,   12,   17
  290,20240929,   -1,   17
  290,20240930,  118,   11
  290,20241001,  151,    3
  290,20241002,   24,    3
  290,20241003,    0,   17
  290,20241004,    0,   16
  290,20241005,    0,   17
  290,20241006,   -1,   16
  290,20241007,    6,   15
  290,20241008,  105,   12
  290,20241009,  116,    7
  290,20241010,   34,    9
  290,20241011,    0,   13
  290,20241012,   25,    9
  290,20241013,   14,   10
  290,20241014,    0,    8
  290,20241015,    0,   15
  290,20241016,   -1,   11
  290,20241017,   -1,    6
  290,20241018,   -1,   15
  290,20241019,   28,    4
  290,20241020,   -1,    9
  290,20241021,   37,    5
  290,20241022,   36,   11
  290,20241023,    0,    5
  290,20241024,    0,   10
  290,20241025,   21,   13
  290,20241026,    0,   11
  290,20241027,   -1,   10
  290,20241028,   20,    6
  290,20241029,   11,    3
  290,20241030,   11,    5
  290,20241031,    0,    4
  290,20241101,   -1,    2
  290,20241102,    2,    8
  290,20241103,    0,    9
  290,20241104,    0,    9
  290,20241105,    0,    9
  290,20241106,    0,    2
  290,20241107,    0,    2
  290,20241108,    0,    1
  290,20241109,   -1,    1
  290,20241110,   -1,    3
  290,20241111,   93,    6
  290,20241112,    3,    4
  290,20241113,   -1,    3
  290,20241114,    9,    3
  290,20241115,   -1,    2
  290,20241116,    6,    2
  290,20241117,   62,    5
  290,20241118,   25,    6
  290,20241119,  105,    1
  290,20241120,   54,    1
  290,20241121,   -1,    4
  290,20241122,  103,    2
  290,20241123,   62,    2
  290,20241124,    1,    4
  290,20241125,   30,    1
  290,20241126,   10,    3
  290,20241127,   52,    1
  290,20241128,   18,    4
  290,20241129,    0,    3
  290,20241130,    0,    5
  290,20241201,   -1,    5
  290,20241202,   21,    1
  290,20241203,   12,    3
  290,20241204,   -1,    2
  290,20241205,  137,    1
  290,20241206,  147,    1
  290,20241207,   12,    2
  290,20241208,   12,    3
  290,20241209,   11,    1
  290,20241210,   -1,    1
  290,20241211,    0,    1
  290,20241212,    0,    1
  290,20241213,    0,    1
  290,20241214,    2,    1
  290,20241215,    8,    1
  290,20241216,    9,    1
  290,20241217,    0,    1
  290,20241218,    5,    1
  290,20241219,   72,    1
  290,20241220,    4,    3
  290,20241221,   53,    1
  290,20241222,   49,    2
  290,20241223,    7,    3
  290,20241224,   15,    1
  290,20241225,    0,    2
  290,20241226,   -1,    1
  290,20241227,    0,    2
  290,20241228,   -1,    2
  290,20241229,    0,    1
  290,20241230,    1,    1
  290,20241231,   -1,    1
