Date	Precipitation_mm_d	Evaporation_mm_d
20170101	3.8	0.1
20170102	0.7	0.3
20170103	1.7	0.2
20170104	4	0.3
20170105	0	0.4
20170106	0	0.4
20170107	2.7	0.1
20170108	0	0.2
20170109	0.5	0.2
20170110	4.2	0.2
20170111	6.1	0.1
20170112	10.4	0.3
20170113	20	0.4
20170114	2.1	0.3
20170115	0.1	0.3
20170116	0	0.2
20170117	0	0.1
20170118	0.1	0.2
20170119	0	0.4
20170120	0	0.4
20170121	0	0.5
20170122	0	0.5
20170123	0	0.2
20170124	0	0.2
20170125	0	0.4
20170126	0	0.6
20170127	0	0.5
20170128	0.8	0.5
20170129	0.4	0.3
20170130	6.8	0.1
20170131	0	0.2
20170201	0.6	0.4
20170202	0.3	0.7
20170203	0.8	0.3
20170204	1.8	0.6
20170205	2.1	0.4
20170206	0	0.3
20170207	2.3	0.2
20170208	1.1	0.2
20170209	0	0.2
20170210	0	0.1
20170211	0.4	0.3
20170212	0.2	0.7
20170213	0	0.9
20170214	0	0.9
20170215	0	1.1
20170216	0	0.7
20170217	3.5	0.2
20170218	0	0.8
20170219	0.8	0.2
20170220	5.6	0.2
20170221	0.2	0.8
20170222	15.5	0.1
20170223	18.8	0.3
20170224	1.1	1
20170225	1.6	0.4
20170226	1.3	0.3
20170227	3.3	0.4
20170228	4	0.5
20170301	4.6	0.7
20170302	8.6	0.4
20170303	0.5	0.8
20170304	3	0.9
20170305	3.3	1
20170306	0.8	0.8
20170307	3.7	0.4
20170308	9.1	0.2
20170309	0.8	0.4
20170310	0	1.5
20170311	0	1.5
20170312	0	1.3
20170313	0	1.6
20170314	0	1.6
20170315	0	1.8
20170316	0	2
20170317	3.4	1.2
20170318	7	0.7
20170319	4.3	0.3
20170320	13.3	0.4
20170321	2.8	1.5
20170322	0	2.2
20170323	0	1.7
20170324	0	2.3
20170325	0	2.3
20170326	0	2.1
20170327	0	2.6
20170328	0.2	2.6
20170329	0.6	0.7
20170330	0	2.5
20170331	0.4	2.5
20170401	1.5	1.1
20170402	0	2.2
20170403	0	2.5
20170404	0	2.5
20170405	0	1.2
20170406	0	1.4
20170407	0	1.3
20170408	0	1.4
20170409	0	3.1
20170410	0	1.5
20170411	0	1.5
20170412	2.9	0.7
20170413	1	1.6
20170414	0	0.7
20170415	1.7	1.9
20170416	2.4	1.5
20170417	3.7	2
20170418	0	1.7
20170419	0	1.9
20170420	0	3
20170421	1.2	1.3
20170422	0	2.1
20170423	1	1.7
20170424	2.3	1.3
20170425	0.4	2.4
20170426	0	2.7
20170427	0	1.9
20170428	4.3	1.5
20170429	0	2.2
20170430	0	3.8
20170501	1.8	0.7
20170502	4.6	1.5
20170503	0.9	1.8
20170504	1.3	1.7
20170505	0.2	0.6
20170506	0	3.4
20170507	0	1.9
20170508	0	1.7
20170509	0	2.2
20170510	0	3
20170511	5.9	3.7
20170512	7.4	2.3
20170513	0	2.7
20170514	0	3
20170515	0	4.5
20170516	0	3
20170517	0	4.9
20170518	0.6	1.3
20170519	1.8	1.1
20170520	0	3.3
20170521	0	3.7
20170522	0	4.3
20170523	0	3.8
20170524	0	2.2
20170525	0	4.5
20170526	0	5.2
20170527	0	5.5
20170528	5.1	4.7
20170529	0.1	4.4
20170530	1	3.2
20170531	0	4
20170601	0	4.9
20170602	0.1	4.2
20170603	1.4	2.7
20170604	0.5	2.4
20170605	0	3.7
20170606	2.9	2.4
20170607	6.3	2
20170608	0.2	2.8
20170609	8	2
20170610	0	3.9
20170611	0.2	3.2
20170612	0	2.2
20170613	0	2.2
20170614	0	5
20170615	0	3.9
20170616	0	2.2
20170617	0	1.7
20170618	0	5.3
20170619	0	5.5
20170620	0	4.6
20170621	0	5.1
20170622	0.4	4.8
20170623	0	3.5
20170624	2.6	1
20170625	3.2	1.3
20170626	2	3.9
20170627	2.9	2.7
20170628	7.6	1.8
20170629	5.3	1.4
20170630	18.6	2.2
20170701	3.9	1.5
20170702	1	2.7
20170703	0	3.6
20170704	0	4.6
20170705	0	3.7
20170706	0	4.9
20170707	12.2	3.8
20170708	0	3
20170709	0	4.2
20170710	4.2	2.5
20170711	2.2	2
20170712	34.4	1.2
20170713	0	3.1
20170714	4.3	2.3
20170715	0	2.7
20170716	5.4	1.3
20170717	0.1	4.9
20170718	0	4.9
20170719	1.9	4.2
20170720	8	2.8
20170721	0	4.4
20170722	11.2	4
20170723	6.3	2.9
20170724	5.6	1.9
20170725	6	1.2
20170726	0	3.6
20170727	0.3	2.7
20170728	0.2	2.5
20170729	0.3	1.9
20170730	0.3	3
20170731	0	4.2
20170801	0	2.2
20170802	0.9	2.6
20170803	1.8	2.8
20170804	0.2	2.5
20170805	0.9	1.8
20170806	0	2.8
20170807	0	3.9
20170808	1.4	1.7
20170809	0	2.8
20170810	0.7	2.5
20170811	3.4	1.1
20170812	9.3	1.2
20170813	0	2.7
20170814	0	3.7
20170815	31.6	2
20170816	0	3.3
20170817	4.7	1.1
20170818	9.1	1.4
20170819	3.6	2
20170820	0	2.4
20170821	0	2.4
20170822	0	2.7
20170823	0	3.5
20170824	0	1.9
20170825	0	3.2
20170826	0	3
20170827	0	3.3
20170828	0	3.4
20170829	0	3.5
20170830	13.5	1.6
20170831	3	1.7
20170901	0.5	2.2
20170902	0.1	2.6
20170903	0	2.6
20170904	0	2.9
20170905	6.2	1.5
20170906	4.5	1.5
20170907	0.3	1.9
20170908	20.2	0.5
20170909	8.3	1.9
20170910	0	2.3
20170911	1.5	1.9
20170912	1.1	2
20170913	12	1.9
20170914	7.2	1.1
20170915	2	1.9
20170916	0	1.2
20170917	2.9	1.9
20170918	10.8	0.8
20170919	0.1	1.2
20170920	0.1	1.2
20170921	0	2.2
20170922	2.4	1.7
20170923	0	2.3
20170924	0	2.1
20170925	0	1.3
20170926	0	1.4
20170927	0	1.7
20170928	0.6	0.9
20170929	8.5	1.6
20170930	14.6	0.3
20171001	0	1.9
20171002	1.6	1.2
20171003	0.6	1.5
20171004	0.4	0.7
20171005	13.4	1.1
20171006	2.6	1
20171007	9.5	0.3
20171008	1.8	1.2
20171009	0.8	0.9
20171010	1.6	0.5
20171011	0.7	0.5
20171012	0	1.2
20171013	0	1.2
20171014	0	1.7
20171015	0	1.7
20171016	0	1.6
20171017	0	0.8
20171018	0	1.4
20171019	0	1.3
20171020	4.9	0.7
20171021	1.4	0.5
20171022	6.6	0.6
20171023	0.1	0.5
20171024	1.5	0.3
20171025	0	0.4
20171026	0.4	0.6
20171027	0.2	0.9
20171028	7.4	0.3
20171029	3.3	0.9
20171030	0.5	0.7
20171031	1.9	0.5
20171101	0	0.5
20171102	2.4	0.5
20171103	0	0.3
20171104	2.3	0.8
20171105	2.6	0.6
20171106	0	0.7
20171107	0	0.5
20171108	0	0.2
20171109	0.8	0.3
20171110	6.3	0.2
20171111	3	0.3
20171112	2.7	0.2
20171113	0.3	0.7
20171114	0.9	0.3
20171115	0	0.2
20171116	1.7	0.2
20171117	0	0.6
20171118	3.1	0.3
20171119	3.7	0.4
20171120	13	0.1
20171121	5	0.1
20171122	0.6	0.3
20171123	2.5	0.2
20171124	7.6	0.2
20171125	0.7	0.4
20171126	5.5	0.2
20171127	9.3	0.1
20171128	0.5	0.3
20171129	0	0.1
20171130	0.5	0.2
20171201	0	0.3
20171202	0.2	0.1
20171203	2.8	0.1
20171204	1.4	0.2
20171205	0	0.1
20171206	0	0.1
20171207	6.6	0.1
20171208	5.6	0.1
20171209	5.2	0.2
20171210	13.2	0.1
20171211	6.4	0
20171212	2.3	0.2
20171213	21.6	0
20171214	5.8	0.1
20171215	0.5	0.1
20171216	0.6	0.4
20171217	3.8	0.4
20171218	4.2	0.1
20171219	2.3	0.1
20171220	0.3	0.1
20171221	0.9	0.1
20171222	0	0.2
20171223	0	0.1
20171224	0.5	0.1
20171225	0.4	0.1
20171226	2.8	0.2
20171227	1.1	0.1
20171228	0.1	0.3
20171229	2.8	0.2
20171230	5.9	0.1
20171231	12.8	0.1
20180101	7.2	0.2
20180102	2.7	0.2
20180103	20.4	0.1
20180104	4.2	0.2
20180105	1.5	0.2
20180106	0	0.2
20180107	0	0.3
20180108	0	0.4
20180109	0	0.2
20180110	1.3	0.2
20180111	0	0.3
20180112	0	0.1
20180113	0	0.2
20180114	0	0.2
20180115	8.4	0.1
20180116	11.9	0.3
20180117	11.9	0.3
20180118	4.3	0.2
20180119	0.3	0.3
20180120	2.9	0.2
20180121	0.1	0.4
20180122	1.4	0.1
20180123	0.8	0.3
20180124	2.1	0.2
20180125	0.6	0.3
20180126	0	0.2
20180127	1.2	0.2
20180128	0.4	0.4
20180129	5.2	0.2
20180130	0	0.6
20180131	7	0.1
20180201	1.9	0.2
20180202	12.3	0.3
20180203	2.7	0.3
20180204	0.9	0.3
20180205	0	0.3
20180206	0	0.6
20180207	0	0.8
20180208	0	0.7
20180209	0	0.7
20180210	0	0.2
20180211	9.1	0.6
20180212	5	0.8
20180213	0	0.9
20180214	0	1
20180215	1.9	0.1
20180216	0	0.9
20180217	0	0.7
20180218	0	1
20180219	0	0.5
20180220	0	0.8
20180221	0	1
20180222	0	0.8
20180223	0	1.1
20180224	0	1
20180225	0	1
20180226	0	0.7
20180227	0.5	0.8
20180228	0	0.7
20180301	0	0.8
20180302	0	0.9
20180303	0	0.7
20180304	1.2	1
20180305	0	1.3
20180306	0	1.2
20180307	4.6	1.1
20180308	3.3	0.8
20180309	1.4	1.1
20180310	3.2	1.1
20180311	0	0.6
20180312	1.7	1.2
20180313	10.9	0.3
20180314	0	1.1
20180315	0	1.6
20180316	7	0.3
20180317	0	0.8
20180318	0	1.3
20180319	0	1.7
20180320	0.1	1.9
20180321	0	0.9
20180322	2.9	0.6
20180323	0	0.5
20180324	0	1.5
20180325	0	1.1
20180326	0	1.1
20180327	1	1.1
20180328	13.4	0.6
20180329	2.6	1.1
20180330	8.6	1.8
20180331	2.6	1.7
20180401	0.4	1.1
20180402	0.8	1.2
20180403	0	2.2
20180404	5.8	1.1
20180405	0.6	0.9
20180406	0	2.8
20180407	0	2.9
20180408	0	2.6
20180409	0	1.9
20180410	0	2.9
20180411	0	2.5
20180412	0	1.8
20180413	0	1.5
20180414	0	1.2
20180415	3.5	2.3
20180416	0	2.7
20180417	0	3.2
20180418	0	3.8
20180419	0	4.2
20180420	0	3.8
20180421	0	3.7
20180422	10.3	3.5
20180423	0	2.5
20180424	0.3	0.8
20180425	2.5	1.5
20180426	7.4	2.5
20180427	0	2.4
20180428	0	1.8
20180429	13.2	1.7
20180430	8.9	1.4
20180501	3.8	1.6
20180502	0	3.8
20180503	0	3.3
20180504	0	3.9
20180505	0	4.3
20180506	0	4.7
20180507	0	4.8
20180508	0	4.9
20180509	0	4.7
20180510	1.4	1.7
20180511	0	3.7
20180512	0	3.8
20180513	12.3	2.2
20180514	0	4.6
20180515	0	4.5
20180516	1	3.1
20180517	0	3.7
20180518	0	2.9
20180519	0	3.2
20180520	0	4.6
20180521	0	5.1
20180522	0	3.9
20180523	0	3.7
20180524	0.1	2.8
20180525	3.7	2.7
20180526	0	5
20180527	0.4	3.5
20180528	0	4.8
20180529	1.9	4.1
20180530	0	4.7
20180531	15.5	2.8
20180601	0.6	2.4
20180602	0.4	1.7
20180603	0	2.5
20180604	0	2.8
20180605	0	3.2
20180606	0	5.3
20180607	0	5.1
20180608	1.6	1.2
20180609	0	4.1
20180610	0	4.2
20180611	0	4.7
20180612	0	1.8
20180613	0	2.2
20180614	0.8	3
20180615	0	3.3
20180616	0	3.5
20180617	0	2.7
20180618	0.7	2
20180619	0.1	1.6
20180620	0	4.5
20180621	7.7	3
20180622	3.3	2.9
20180623	0	3.3
20180624	0.7	1.3
20180625	0	3.7
20180626	0	4.2
20180627	0	4.8
20180628	0	4.9
20180629	0	5.4
20180630	0	5.7
20180701	0	5.6
20180702	0	5.5
20180703	0	5.4
20180704	0	4.9
20180705	0	5
20180706	0	4.3
20180707	0	4.9
20180708	0	4.8
20180709	0	2.3
20180710	2.8	2.3
20180711	4.8	2.3
20180712	0	4.1
20180713	0	4.5
20180714	0	5
20180715	0	5.3
20180716	0	5.4
20180717	0	4.4
20180718	0	3.6
20180719	0	3.2
20180720	0	4.8
20180721	0.1	4.5
20180722	0	3.5
20180723	0	5.1
20180724	0	5.2
20180725	26.5	4.9
20180726	0	5.1
20180727	0	5.5
20180728	13.1	2.8
20180729	0	3.3
20180730	0	4.4
20180731	0	3.6
20180801	0	3.6
20180802	0	4.9
20180803	0	4.9
20180804	0	4.3
20180805	0	4.5
20180806	0	4.8
20180807	0	4.9
20180808	0.2	1.7
20180809	10.8	2.5
20180810	4.2	3.1
20180811	5.3	3.4
20180812	0	3.3
20180813	2.1	1.9
20180814	0.7	2.6
20180815	0	2
20180816	0	3.7
20180817	5.2	2.7
20180818	0	3.1
20180819	0	3.7
20180820	0.1	1.5
20180821	0	2.1
20180822	0	3.4
20180823	4.7	2.2
20180824	2.8	2.5
20180825	13	1.8
20180826	1.7	3
20180827	1.2	1.4
20180828	0	1.7
20180829	11	2.4
20180830	0.6	1.7
20180831	0	1.8
20180901	0	2.9
20180902	0	3.4
20180903	11.4	2.2
20180904	0	2.9
20180905	0	3
20180906	3.8	1.2
20180907	2.6	1.7
20180908	0	2.2
20180909	0	2.5
20180910	0	1.3
20180911	0	1.9
20180912	0.9	0.8
20180913	0	2.6
20180914	0	2.6
20180915	0.1	1.7
20180916	0	2.3
20180917	0	2.6
20180918	0	3
20180919	0	2.7
20180920	0	2.3
20180921	8.7	1.5
20180922	8.4	0.9
20180923	9.7	0.3
20180924	1.1	1.9
20180925	0	1.9
20180926	0	2
20180927	0	2.2
20180928	0	1.6
20180929	0	1.7
20180930	0	1.7
20181001	0.9	1.5
20181002	2.4	0.5
20181003	0	1.9
20181004	0.3	0.8
20181005	0	2
20181006	2.3	2
20181007	0	1.4
20181008	0	1.5
20181009	0	1.4
20181010	0	2
20181011	0	1.7
20181012	0	1.9
20181013	0	1.9
20181014	0	1.9
20181015	0	1.7
20181016	0	1.8
20181017	0	1.4
20181018	0.6	0.8
20181019	0	1.3
20181020	0	1.1
20181021	0	0.9
20181022	0.4	1
20181023	1.2	0.2
20181024	3.2	0.6
20181025	2	0.4
20181026	1.9	0.3
20181027	0.2	0.9
20181028	0	0.7
20181029	0	0.2
20181030	11.9	0.2
20181031	0	0.9
20181101	3.9	0.4
20181102	0	0.5
20181103	0	0.8
20181104	0	0.6
20181105	0	0.2
20181106	0	0.8
20181107	0.1	1
20181108	0	0.9
20181109	0.4	0.7
20181110	4	0.2
20181111	5.4	0.4
20181112	3.8	0.1
20181113	0	0.5
20181114	0	0.7
20181115	0	0.7
20181116	0	0.6
20181117	0	0.6
20181118	0	0.5
20181119	0.8	0.3
20181120	1	0.1
20181121	0	0.3
20181122	0	0.1
20181123	0	0.5
20181124	1.4	0.1
20181125	0	0.1
20181126	0	0.2
20181127	0	0.1
20181128	0.9	0.2
20181129	3.3	0.1
20181130	0	0.3
20181201	1.3	0.4
20181202	5	0.1
20181203	7.3	0.3
20181204	0	0.5
20181205	0.7	0.2
20181206	1.4	0.1
20181207	13.9	0.1
20181208	9.8	0.2
20181209	5.9	0.3
20181210	2.4	0.3
20181211	0	0.4
20181212	0	0.2
20181213	0	0.2
20181214	0	0.3
20181215	0	0.1
20181216	0.8	0.1
20181217	3.6	0.1
20181218	0	0.3
20181219	0.2	0.1
20181220	1.2	0.1
20181221	14	0.1
20181222	14.9	0.1
20181223	10.1	0.1
20181224	0.1	0.4
20181225	0	0.3
20181226	0.2	0.1
20181227	0	0.2
20181228	0	0.1
20181229	2.1	0.1
20181230	0.9	0.2
20181231	0.2	0.2
20190101	1.5	0.2
20190102	0	0.3
20190103	0.1	0.3
20190104	0.6	0.1
20190105	6.3	0.1
20190106	2.4	0.2
20190107	6	0.1
20190108	7.8	0.2
20190109	1.6	0.4
20190110	2	0.1
20190111	2.2	0.2
20190112	6.4	0.1
20190113	11.7	0.1
20190114	0.3	0.4
20190115	0.2	0.2
20190116	1.4	0.1
20190117	9.3	0.1
20190118	0	0.5
20190119	0	0.4
20190120	0	0.5
20190121	0	0.6
20190122	1.2	0.3
20190123	0.2	0.2
20190124	0	0.1
20190125	3.7	0.2
20190126	6.8	0.1
20190127	5.2	0.1
20190128	4.4	0.2
20190129	0	0.5
20190130	1.8	0.2
20190131	0.1	0.5
20190201	0.5	0.2
20190202	5.3	0.1
20190203	1.1	0.6
20190204	1	0.3
20190205	0	0.1
20190206	10.4	0.2
20190207	4.3	0.6
20190208	3.3	0.2
20190209	0.3	0.4
20190210	16.5	0.2
20190211	1.4	0.7
20190212	0.1	0.6
20190213	0	0.2
20190214	0	1
20190215	0	1.2
20190216	0	1.2
20190217	0	1.1
20190218	0	1.2
20190219	0.3	0.7
20190220	0	0.8
20190221	1.1	0.6
20190222	1	0.6
20190223	0	1.3
20190224	0	1.4
20190225	0	1.4
20190226	0	1.5
20190227	0	1.6
20190228	1.1	1.1
20190301	1.4	0.2
20190302	0.4	0.7
20190303	3.1	0.3
20190304	4.3	0.7
20190305	2.1	0.9
20190306	2.7	0.7
20190307	4.9	1
20190308	6.3	1.2
20190309	12	0.7
20190310	20.2	0.3
20190311	6.3	0.7
20190312	2.6	0.7
20190313	8.7	0.4
20190314	10.3	0.4
20190315	5.6	0.5
20190316	4	0.4
20190317	3.9	1.1
20190318	1.3	1.3
20190319	0	1.7
20190320	0	0.7
20190321	0	1.9
20190322	0	2.3
20190323	0.1	0.7
20190324	0	1.8
20190325	5.1	1.4
20190326	0.2	0.8
20190327	0	1.6
20190328	0	1
20190329	0	2.5
20190330	0	2.3
20190331	0	2.1
20190401	0	2.7
20190402	0.3	1.9
20190403	0.6	0.8
20190404	1.2	0.5
20190405	1.6	0.7
20190406	0	1.4
20190407	0	3.1
20190408	0	3.2
20190409	0	2.9
20190410	0	2.8
20190411	0	1.9
20190412	0	1.1
20190413	0.5	1.8
20190414	0.9	2.3
20190415	0	3.2
20190416	0	3.3
20190417	0	2.5
20190418	0	3.7
20190419	0	4
20190420	0	3.9
20190421	0	4
20190422	0	4.1
20190423	0	3.8
20190424	9.6	3.3
20190425	0.2	3
20190426	0.7	1.6
20190427	2.7	1.3
20190428	0	1.8
20190429	0	2.3
20190430	0	2.7
20190501	0	2.3
20190502	0.4	1.5
20190503	1.1	2.2
20190504	3	2.4
20190505	1.7	2.1
20190506	2.1	1.8
20190507	0	2.2
20190508	1.8	1.4
20190509	4.4	2.8
20190510	0.7	1.6
20190511	0	3.1
20190512	0	2.8
20190513	0	3.9
20190514	0	3.8
20190515	0	4.3
20190516	0	2.4
20190517	0.2	1.2
20190518	0	3.1
20190519	0.6	3.6
20190520	0	2.2
20190521	0.1	0.9
20190522	0	3.1
20190523	0	4
20190524	0	4.1
20190525	0	3.1
20190526	3.8	2.7
20190527	0.2	3.2
20190528	7.8	1.1
20190529	0	4.5
20190530	0	1.5
20190531	0	3.7
20190601	0	4.9
20190602	0	5.4
20190603	0.5	2.4
20190604	0	4
20190605	0.2	4.1
20190606	4	2.3
20190607	3.1	4.1
20190608	5.4	1.9
20190609	0	4.3
20190610	7.8	3.6
20190611	0.4	3.8
20190612	15.1	1.8
20190613	0.1	3.7
20190614	0.1	4.4
20190615	7.1	3.1
20190616	0	4.1
20190617	0	4.7
20190618	0	4.5
20190619	3.8	3.4
20190620	7.4	2.3
20190621	0	4
20190622	0	5.1
20190623	0	5.5
20190624	0	5.4
20190625	0	5.3
20190626	0	4.5
20190627	0	5.2
20190628	0	4.7
20190629	0	5.8
20190630	0	5.2
20190701	0	4.1
20190702	0	3.9
20190703	0	3.6
20190704	0	4.7
20190705	0	4.7
20190706	1.8	2.5
20190707	0	2.4
20190708	0.4	2
20190709	0	3.6
20190710	0.1	2.8
20190711	3.9	1.9
20190712	2.1	2.4
20190713	0.2	2.8
20190714	0.1	1.9
20190715	0	2.1
20190716	0	0.9
20190717	0	3.5
20190718	0	3.9
20190719	0	3.8
20190720	4	2.5
20190721	0	4
20190722	0	3.9
20190723	0	5.4
20190724	0	5.5
20190725	0	5.2
20190726	0	5.3
20190727	0	4.8
20190728	0	3.4
20190729	0	3.3
20190730	0	4.2
20190731	0.5	2.9
20190801	0.2	3.1
20190802	0	2
20190803	0	1.4
20190804	0	3.4
20190805	0	2.8
20190806	0.1	3.3
20190807	0.7	3
20190808	0	3.1
20190809	5.4	1.2
20190810	0.8	2.9
20190811	0	2.8
20190812	7.8	3.2
20190813	4.6	2.5
20190814	3.7	3.5
20190815	2.4	1.9
20190816	0.3	3.2
20190817	11	0.8
20190818	8.6	1.4
20190819	0.5	2.6
20190820	3.1	2.7
20190821	0	3.3
20190822	0	3.8
20190823	0	3.8
20190824	0	4.1
20190825	0	4.1
20190826	0	3.9
20190827	0	3.8
20190828	2	3.5
20190829	17.1	2.8
20190830	0	3.5
20190831	0.6	3.7
20190901	0	1.8
20190902	0	2.8
20190903	0	1
20190904	1.6	1.5
20190905	2.9	2
20190906	0.5	2.2
20190907	2.1	1.9
20190908	14	1.4
20190909	0	2.5
20190910	0	2.4
20190911	5.2	1
20190912	0.1	2.2
20190913	2.2	2.2
20190914	0	2.6
20190915	0	2.3
20190916	10.9	0.7
20190917	0.5	1.6
20190918	0	1.8
20190919	0	2.1
20190920	0	2.4
20190921	0	2.7
20190922	0.1	2.5
20190923	2.2	1.1
20190924	0.8	1
20190925	6.1	1.1
20190926	11.7	0.5
20190927	0.2	1.3
20190928	2.6	1.4
20190929	28.2	0.4
20190930	2.4	1.8
20191001	43.8	0.8
20191002	1.1	1.6
20191003	1.2	1.4
20191004	16.1	0.3
20191005	0	1.3
20191006	1.3	0.7
20191007	0	1.3
20191008	5.8	0.6
20191009	15.7	0.7
20191010	2	1.1
20191011	1.9	0.5
20191012	1.9	0.2
20191013	0.8	1.2
20191014	0.4	1.3
20191015	6.1	0.9
20191016	8.4	0.8
20191017	4.5	0.7
20191018	2.5	0.8
20191019	2.3	0.5
20191020	3.8	0.3
20191021	0.3	0.9
20191022	0	0.6
20191023	0	0.9
20191024	0	0.9
20191025	0.3	1
20191026	0	1.3
20191027	3	0.7
20191028	0.6	0.8
20191029	0	0.9
20191030	0	0.9
20191031	0	1
20191101	3.9	0.2
20191102	5.9	0.6
20191103	3.1	0.6
20191104	0.8	0.6
20191105	2.3	0.3
20191106	0.6	0.5
20191107	1.7	0.3
20191108	0	0.8
20191109	0.2	0.3
20191110	0	0.7
20191111	0.9	0.4
20191112	1.3	0.2
20191113	1	0.4
20191114	0	0.4
20191115	0	0.2
20191116	0	0.4
20191117	8	0.3
20191118	28.8	0.1
20191119	1.2	0.3
20191120	0	0.1
20191121	0	0.3
20191122	0.3	0.5
20191123	0	0.5
20191124	0	0.5
20191125	0	0.2
20191126	0.5	0.2
20191127	4.5	0.3
20191128	14	0.2
20191129	0	0.4
20191130	0	0.4
20191201	0	0.2
20191202	0.3	0.4
20191203	0.8	0.4
20191204	0	0.4
20191205	0	0.1
20191206	9.1	0.1
20191207	1.7	0.1
20191208	4.1	0.1
20191209	1.7	0.2
20191210	0	0.4
20191211	3.8	0.1
20191212	0.1	0.2
20191213	3.6	0.1
20191214	8.7	0.3
20191215	1.8	0.4
20191216	0.4	0.1
20191217	4.2	0.3
20191218	0	0.2
20191219	0	0.5
20191220	1	0.2
20191221	0.1	0.3
20191222	5	0.2
20191223	1.9	0.2
20191224	7.3	0.1
20191225	1.8	0.2
20191226	0.1	0.2
20191227	0	0.4
20191228	0	0.3
20191229	0	0.2
20191230	0	0.4
20191231	0.2	0.2
20200101	0	0.2
20200102	0	0.1
20200103	4.4	0.1
20200104	0.8	0.1
20200105	0.1	0.1
20200106	0	0.2
20200107	0.9	0.2
20200108	2.7	0.1
20200109	3.3	0.1
20200110	0.6	0.2
20200111	0	0.3
20200112	1.4	0.1
20200113	0.1	0.3
20200114	4.2	0.1
20200115	2	0.3
20200116	0	0.6
20200117	0.7	0.2
20200118	0.4	0.3
20200119	0.5	0.4
20200120	0	0.3
20200121	0	0.5
20200122	0.3	0.1
20200123	0	0.3
20200124	0	0.1
20200125	0	0.1
20200126	0	0.4
20200127	5.9	0.2
20200128	4.3	0.3
20200129	1	0.5
20200130	1	0.4
20200131	0.1	0.3
20200201	0.3	0.3
20200202	8.5	0.2
20200203	1.8	0.4
20200204	2.4	0.5
20200205	0	0.7
20200206	0	0.3
20200207	0	0.8
20200208	0.3	0.5
20200209	19.9	0.4
20200210	6.5	0.5
20200211	0.3	0.4
20200212	0.2	0.6
20200213	8.7	0.2
20200214	0	0.4
20200215	0	0.8
20200216	9.8	0.3
20200217	3.4	0.9
20200218	3.7	0.8
20200219	3.3	0.7
20200220	5.2	0.5
20200221	0	0.7
20200222	8.9	0.2
20200223	20.8	0.2
20200224	7.4	0.2
20200225	0.9	0.9
20200226	3.7	0.7
20200227	4.9	0.3
20200228	7.3	0.8
20200229	1.9	0.9
20200301	0	0.7
20200302	4.9	0.5
20200303	0	1.2
20200304	0.4	0.9
20200305	6.5	0.6
20200306	5.9	0.3
20200307	0	1.2
20200308	2.5	0.5
20200309	2.9	0.9
20200310	13.5	0.3
20200311	3.2	1.3
20200312	10.6	1.6
20200313	3.8	0.7
20200314	0	1.7
20200315	0	1.2
20200316	0	1.9
20200317	0	2
20200318	0	1.8
20200319	0	0.7
20200320	0.1	0.4
20200321	0	1.8
20200322	0	2.2
20200323	0	2.2
20200324	0	2.3
20200325	0	2.4
20200326	0	2.3
20200327	0	2.4
20200328	0	2.4
20200329	0	0.8
20200330	5.8	1.1
20200331	0	2.3
20200401	0	1.5
20200402	0.1	1.3
20200403	0	1
20200404	0	2.7
20200405	0	3.3
20200406	0	3.4
20200407	0	3.2
20200408	0	3
20200409	0	3.2
20200410	0	2.9
20200411	0	3.2
20200412	0	3.1
20200413	0	2.2
20200414	0	1.5
20200415	0	3.1
20200416	0	3.2
20200417	0	3.3
20200418	0.6	2.7
20200419	0	3.6
20200420	0	3.7
20200421	0	3.8
20200422	0	3.9
20200423	0	3.8
20200424	0	3.6
20200425	0	2.9
20200426	0	3.4
20200427	0	3.7
20200428	4.1	1.4
20200429	1.9	1.6
20200430	2.3	2.5
20200501	4.7	1.7
20200502	4.4	1.5
20200503	13.7	1.8
20200504	1	3.3
20200505	0	3.6
20200506	0	3.9
20200507	0	3.9
20200508	0	3.9
20200509	0	4.5
20200510	0.2	2.3
20200511	0.6	3.2
20200512	0	1.9
20200513	0	1.9
20200514	0	3.3
20200515	0	2.3
20200516	0	2.7
20200517	0	2.9
20200518	0	3.9
20200519	0	2.7
20200520	0	2.2
20200521	0	4.9
20200522	0.2	1.8
20200523	0	2.9
20200524	1.6	1.7
20200525	0	2.6
20200526	0	4.6
20200527	0	4.2
20200528	0	4.8
20200529	0	4.8
20200530	0	4.8
20200531	0	4.6
20200601	0	5
20200602	0	5.2
20200603	0	4.2
20200604	10.8	0.7
20200605	11.5	1.9
20200606	0	3.1
20200607	4.1	2.4
20200608	0	2.7
20200609	0	2.4
20200610	0	1.3
20200611	2.1	2.7
20200612	0	5.1
20200613	0	5.2
20200614	24.4	1.7
20200615	0.1	3.2
20200616	0.1	1.6
20200617	2.8	2.9
20200618	4.2	2.2
20200619	0	4.5
20200620	0	3.4
20200621	0	4.2
20200622	0.2	4.1
20200623	0	5.3
20200624	0	5.6
20200625	0	5.2
20200626	0	5.7
20200627	0	4.2
20200628	1.9	2.7
20200629	0	3.3
20200630	5.9	1.6
20200701	11.7	1.8
20200702	2.4	3
20200703	0	2.9
20200704	2.4	1.4
20200705	2.5	2.1
20200706	2.3	3.3
20200707	2.2	2.4
20200708	7.2	0.9
20200709	8.9	0.9
20200710	1.6	1.8
20200711	1.5	2.8
20200712	0	4.6
20200713	0	5
20200714	3.2	1.2
20200715	0	3.3
20200716	0.5	1.6
20200717	0	2.6
20200718	0	3.4
20200719	0	4.1
20200720	1.4	4
20200721	0	3.8
20200722	0	3.5
20200723	0	3.6
20200724	2	1.9
20200725	0.7	1.7
20200726	1.9	3.6
20200727	0.2	1.7
20200728	1.3	3
20200729	0	3.1
20200730	0	4.3
20200731	0	5.1
20200801	1.4	3.2
20200802	0	3
20200803	0	2.5
20200804	0	3.2
20200805	0	4.6
20200806	0	4.8
20200807	0	4.8
20200808	0	4.8
20200809	0	2.9
20200810	0	4.4
20200811	0	4.4
20200812	0	4.6
20200813	2.7	3.7
20200814	2.6	3.9
20200815	0	2.3
20200816	11.1	3.3
20200817	0.2	1.8
20200818	0	3.7
20200819	0	3.6
20200820	0.2	2.3
20200821	1	2.8
20200822	0.7	2.8
20200823	1.1	2.3
20200824	2.9	2.1
20200825	2.2	1.3
20200826	13	0.7
20200827	0.2	2.1
20200828	0.1	2
20200829	0	2.5
20200830	0.1	1.3
20200831	0	2
20200901	0	1.6
20200902	0	3.2
20200903	8.2	0.6
20200904	4.2	2.3
20200905	1.9	1.9
20200906	0	1.8
20200907	0	2.4
20200908	0	0.8
20200909	0.8	0.6
20200910	0	1.8
20200911	0	2.3
20200912	0	1.7
20200913	0	2.6
20200914	0	2.9
20200915	0	2.9
20200916	0	2.5
20200917	0	2.5
20200918	0	2.8
20200919	0	2.7
20200920	0	2.7
20200921	0	2.5
20200922	0	2.3
20200923	1.8	1.9
20200924	1.6	2.2
20200925	2	1.1
20200926	24.2	1.1
20200927	1.3	0.9
20200928	0.4	0.3
20200929	1	0.3
20200930	0.6	1.4
20201001	1.2	0.8
20201002	0	1.7
20201003	3.1	0.7
20201004	0.5	1
20201005	1.1	0.6
20201006	4.3	0.6
20201007	1.5	1
20201008	11	0.3
20201009	0.3	0.7
20201010	9.8	1.1
20201011	1.8	0.9
20201012	0.3	0.8
20201013	0	1.3
20201014	0	0.7
20201015	0	0.6
20201016	0	0.8
20201017	0	0.8
20201018	0	0.5
20201019	0	0.6
20201020	1.4	0.3
20201021	7.7	0.6
20201022	0	1.1
20201023	0	0.7
20201024	0.6	0.4
20201025	2.2	0.3
20201026	0	0.5
20201027	0.9	0.4
20201028	16.1	0.7
20201029	5.7	0.7
20201030	1.1	0.2
20201031	1.4	0.5
20201101	2.9	0.6
20201102	3.6	0.3
20201103	0	1
20201104	0	0.8
20201105	0	0.9
20201106	0	0.8
20201107	0	0.8
20201108	0	0.7
20201109	0	0.4
20201110	0	0.3
20201111	0.3	0.2
20201112	2.8	0.5
20201113	0.2	0.5
20201114	0.3	0.5
20201115	4.6	0.5
20201116	1.7	0.3
20201117	3.3	0.1
20201118	0	0.6
20201119	1.9	0.3
20201120	0	0.6
20201121	0.1	0.1
20201122	1.3	0.3
20201123	0	0.6
20201124	0	0.5
20201125	0	0.5
20201126	4	0.1
20201127	0.4	0.1
20201128	0	0.1
20201129	0	0.5
20201130	7.6	0.1
20201201	3.3	0.1
20201202	0.1	0.1
20201203	1.9	0.1
20201204	1.9	0.2
20201205	0	0.3
20201206	3.7	0.1
20201207	11.5	0.1
20201208	0	0.1
20201209	0	0.1
20201210	0	0.1
20201211	0.1	0.2
20201212	1.9	0.1
20201213	0.5	0.1
20201214	4.2	0.1
20201215	5.4	0.1
20201216	0	0.4
20201217	3.4	0.2
20201218	0	0.4
20201219	0	0.4
20201220	0	0.3
20201221	12.3	0.1
20201222	11.3	0.1
20201223	15.9	0.1
20201224	11.3	0.2
20201225	0	0.3
20201226	0.4	0.2
20201227	18.5	0
20201228	1.8	0.3
20201229	0.3	0.1
20201230	0	0.1
20201231	0.6	0.2
20210101	0	0.2
20210102	1.1	0.1
20210103	1.2	0.1
20210104	2.4	0.1
20210105	0.1	0.1
20210106	0.7	0.1
20210107	3.1	0.1
20210108	0.2	0.2
20210109	0.7	0.2
20210110	0.2	0.3
20210111	2.5	0.1
20210112	11.1	0.3
20210113	0.8	0.2
20210114	0	0.2
20210115	0	0.1
20210116	0.9	0.1
20210117	1.8	0.2
20210118	1.1	0.2
20210119	13.2	0.1
20210120	0	0.4
20210121	8.4	0.4
20210122	3.9	0.4
20210123	0	0.4
20210124	0.4	0.4
20210125	2.1	0.6
20210126	3.3	0.5
20210127	4.4	0.1
20210128	5.9	0.1
20210129	13.8	0.2
20210130	0	0.4
20210131	0	0.6
20210201	0.1	0.2
20210202	3.1	0.2
20210203	13.7	0.1
20210204	0	0.4
20210205	0.2	0.4
20210206	1.7	0.2
20210207	17.7	0.2
20210208	5.1	0.2
20210209	0.1	0.4
20210210	0	0.4
20210211	0	0.7
20210212	0	0.7
20210213	0	0.9
20210214	0	0.9
20210215	2.9	0.2
20210216	0.9	0.6
20210217	0.2	0.5
20210218	6.1	0.6
20210219	0	1.1
20210220	0	1.3
20210221	0	1.5
20210222	0	1
20210223	0	1.4
20210224	0	1.7
20210225	2.1	1.5
20210226	0	1.3
20210227	0	1.1
20210228	0	1.3
20210301	0	1.4
20210302	0	1.6
20210303	0	1.1
20210304	0	0.3
20210305	0	1.5
20210306	0	0.8
20210307	0	0.6
20210308	3.1	0.7
20210309	4.5	0.3
20210310	2.2	0.6
20210311	9.5	0.6
20210312	4.2	0.7
20210313	11.1	0.7
20210314	8.7	1.2
20210315	3.9	1.1
20210316	1	1.4
20210317	1.4	1.1
20210318	4	0.7
20210319	0	1.5
20210320	0.7	1.4
20210321	0.5	0.9
20210322	0.1	0.9
20210323	0	1.2
20210324	0	2.1
20210325	0	1.4
20210326	0	1.8
20210327	3.8	1.3
20210328	0.3	1.1
20210329	0	2.9
20210330	0	3
20210331	0	3
20210401	0	2.6
20210402	0	0.8
20210403	0	2.1
20210404	0	0.9
20210405	6	1.3
20210406	3.4	1.2
20210407	2.2	1.2
20210408	0	1.4
20210409	0	1.8
20210410	11.3	0.6
20210411	0.7	1
20210412	3.8	1.6
20210413	1.1	2.1
20210414	0.5	1.9
20210415	0	1.9
20210416	0	2.6
20210417	0	2.5
20210418	0	2.5
20210419	2.2	2
20210420	0	2.7
20210421	0	2.4
20210422	0	2.2
20210423	0	2.7
20210424	0	2.9
20210425	0	2.1
20210426	0	3.2
20210427	0	3.5
20210428	3.2	3.4
20210429	1	0.9
20210430	0.7	1.1
20210501	0	2
20210502	0	2.3
20210503	0	2.2
20210504	11.4	1.5
20210505	3.9	2.4
20210506	2.7	2
20210507	0	2.8
20210508	1.9	1.5
20210509	0	3.2
20210510	0	1.9
20210511	4.4	1.2
20210512	7.5	3
20210513	0.4	2.5
20210514	4.9	1.8
20210515	7.8	2.1
20210516	6	2
20210517	7.1	1.7
20210518	6.9	2.1
20210519	6.1	2.2
20210520	0	2.6
20210521	5.2	2.5
20210522	2.7	1
20210523	2.9	2.4
20210524	2.9	1.9
20210525	3.9	1.8
20210526	10.2	2.1
20210527	10.7	0.9
20210528	0	3.8
20210529	0	3.4
20210530	0	4.7
20210531	0	4.6
20210601	0	5.4
20210602	0	5
20210603	2.8	3
20210604	0	4.1
20210605	7.2	1
20210606	0	1.2
20210607	0	3.9
20210608	0	4
20210609	0	4
20210610	0	4.7
20210611	0	3.5
20210612	0	3.2
20210613	0	5.1
20210614	0	5.4
20210615	0	4.7
20210616	0	5.1
20210617	0.7	5.6
20210618	2.6	4.5
20210619	2.5	4.7
20210620	1.8	3.8
20210621	46.9	1
20210622	0.3	3.7
20210623	0	2.6
20210624	0	3.2
20210625	0	3.2
20210626	0	4
20210627	0	4.8
20210628	3.6	3
20210629	1.7	1.5
20210630	0.4	0.9
20210701	6.9	0.7
20210702	0	2.5
20210703	1.7	4.2
20210704	1.8	2.4
20210705	4.9	2.4
20210706	0.3	2.9
20210707	0	4
20210708	0.5	2.6
20210709	0	3.7
20210710	0	3
20210711	2.7	3
20210712	0	3.4
20210713	10.5	1
20210714	2.4	1.1
20210715	7.6	0.7
20210716	0	2
20210717	0	5
20210718	0	4.7
20210719	0	2.8
20210720	0	3.3
20210721	0	2.5
20210722	0	4.1
20210723	0	2.5
20210724	22.5	2.9
20210725	0.1	4.1
20210726	0	4
20210727	7.1	3
20210728	0.5	3.1
20210729	0	3.5
20210730	1.7	3.3
20210731	6.8	1.8
20210801	2.7	2.1
20210802	0	3.1
20210803	0	2.1
20210804	0	3.7
20210805	0.6	2.9
20210806	1	2.6
20210807	1.6	3.2
20210808	8.1	2.7
20210809	0.2	2.9
20210810	0	3
20210811	0	3.5
20210812	0	3.7
20210813	0	2.9
20210814	0	3.5
20210815	0	3.6
20210816	4.2	1.6
20210817	0.9	1.4
20210818	0.7	1.6
20210819	5.5	0.8
20210820	6.1	1.8
20210821	0	2.6
20210822	1.6	2.1
20210823	0.2	3
20210824	0	3.5
20210825	0.6	3
20210826	0.5	2.7
20210827	5	2.2
20210828	0.6	1.4
20210829	5.2	0.7
20210830	0	2
20210831	0	3.1
20210901	0	1.1
20210902	0	2.6
20210903	0	3.3
20210904	0	2.9
20210905	0	3.2
20210906	0	2.8
20210907	0	2.8
20210908	0	3.4
20210909	1.8	2.7
20210910	2.7	2
20210911	0.3	1.4
20210912	0	2.4
20210913	0.4	1.2
20210914	0	2.5
20210915	7.6	0.9
20210916	1.2	1.7
20210917	0	1.5
20210918	0	2.1
20210919	0	1
20210920	0	1.3
20210921	0	1.7
20210922	0	2.2
20210923	0.4	1.1
20210924	0	1
20210925	0	1
20210926	0	1.7
20210927	2.5	1.3
20210928	0	2.3
20210929	8.1	0.5
20210930	0.5	1.6
20211001	3.1	1.6
20211002	2.7	1.3
20211003	12.9	0.3
20211004	0	1.7
20211005	3	1.4
20211006	5.3	0.5
20211007	0	0.6
20211008	0	1.9
20211009	0	1.7
20211010	1	1.6
20211011	0	1.4
20211012	5.1	1
20211013	0	1
20211014	0.9	0.5
20211015	1.6	1.2
20211016	0	0.6
20211017	0	0.8
20211018	0	1.1
20211019	0.5	0.3
20211020	23	0.4
20211021	14.4	0.6
20211022	5.7	0.6
20211023	0.1	1.2
20211024	0	1.3
20211025	0	0.6
20211026	0	0.7
20211027	0.1	0.7
20211028	0	1.3
20211029	1.1	1.2
20211030	5.3	0.3
20211031	15.5	0.9
20211101	0	0.8
20211102	1.8	0.7
20211103	0	0.4
20211104	0	0.5
20211105	0.2	0.5
20211106	0.3	0.4
20211107	5.3	0.5
20211108	0	0.6
20211109	0	0.9
20211110	0	0.7
20211111	0	0.3
20211112	0	0.7
20211113	3.2	0.2
20211114	0	0.2
20211115	0	0.1
20211116	0	0.1
20211117	0.4	0.3
20211118	0	0.6
20211119	0	0.3
20211120	0.8	0.1
20211121	1.8	0.4
20211122	0	0.6
20211123	1	0.3
20211124	0.2	0.4
20211125	0.3	0.2
20211126	12.3	0.3
20211127	1.7	0.1
20211128	0.5	0.2
20211129	0.3	0.3
20211130	7.3	0.2
20211201	4.9	0.1
20211202	2.1	0.2
20211203	1.2	0.2
20211204	6.2	0.1
20211205	0.2	0.2
20211206	1.4	0.2
20211207	3.6	0.4
20211208	0.6	0.3
20211209	0.2	0.2
20211210	0	0.4
20211211	NA	NA
20211212	NA	NA
20211213	NA	NA
20211214	1.5	0.2
20211215	0.4	0.2
20211216	0	0.1
20211217	0.1	0.2
20211218	0.4	0.2
20211219	1.1	0.1
20211220	0	0.5
20211221	0	0.4
20211222	0	0.3
20211223	5.6	0.1
20211224	3.5	0.1
20211225	0	0.4
20211226	0	0.3
20211227	0.5	0.2
20211228	3.4	0.1
20211229	5.4	0.1
20211230	3.3	0.1
20211231	0.3	0.2
20220101	0	0.3
20220102	4.1	0.2
20220103	0.4	0.3
20220104	0.6	0.2
20220105	3.6	0.2
20220106	0	0.4
20220107	1.4	0.2
20220108	3.2	0.3
20220109	7.5	0.4
20220110	0	0.2
20220111	0	0.5
20220112	1.2	0.2
20220113	0	0.1
20220114	0.2	0.2
20220115	0	0.1
20220116	0.2	0.2
20220117	0.3	0.2
20220118	0	0.2
20220119	0.8	0.1
20220120	4	0.4
20220121	1	0.2
20220122	0.8	0.2
20220123	0	0.2
20220124	0	0.2
20220125	0	0.1
20220126	0	0.1
20220127	2.1	0.1
20220128	0.2	0.5
20220129	0.9	0.1
20220130	0	0.7
20220131	11.2	0.3
20220201	3.3	0.2
20220202	0.1	0.8
20220203	0.5	0.2
20220204	5	0.3
20220205	5.4	0.6
20220206	33	0.2
20220207	0.4	0.7
20220208	0.4	0.4
20220209	0.4	0.3
20220210	1.9	0.4
20220211	0.6	0.6
20220212	0	0.9
20220213	0	0.9
20220214	0.6	0.5
20220215	4.7	0.8
20220216	14.6	0.2
20220217	3.6	0.9
20220218	1.7	0.2
20220219	10.5	0.6
20220220	27.5	0.2
20220221	10.7	0.3
20220222	5.9	0.5
20220223	0	1.5
20220224	2.7	0.6
20220225	4.4	0.8
20220226	0	1.1
20220227	0	1.5
20220228	0	1.5
20220301	0	1
20220302	0	1.6
20220303	0	1.6
20220304	0	1.5
20220305	0	1.5
20220306	0	1.4
20220307	0	1.4
20220308	0	1.8
20220309	0	1.8
20220310	0	2
20220311	0	2
20220312	0	1.6
20220313	0	2
20220314	3.1	0.9
20220315	0	0.7
20220316	0	1.8
20220317	1.5	1.1
20220318	0	2.1
20220319	0	2.2
20220320	2.3	1
20220321	1.4	2.2
20220322	0	2.4
20220323	0	2.5
20220324	0	2.4
20220325	NA	NA
20220326	NA	NA
20220327	NA	NA
20220328	NA	NA
20220329	0	2
20220330	0	1.3
20220331	2.9	0.4
20220401	1.9	0.7
20220402	0	1.3
20220403	0.1	1.1
20220404	23.1	0.4
20220405	5	0.7
20220406	2.9	0.6
20220407	17.9	1.2
20220408	0.6	1.6
20220409	6.1	1.5
20220410	0.2	2.3
20220411	0	2.7
20220412	0	3
20220413	1.3	2.2
20220414	0	2.4
20220415	0	0.8
20220416	0	3.4
20220417	0	3.6
20220418	0	3.7
20220419	0	3.6
20220420	0	3.6
20220421	0	3.3
20220422	0	3
20220423	0	3.6
20220424	0	3
20220425	0.3	0.7
20220426	0	2.8
20220427	0	3.2
20220428	0	3.6
20220429	0	2.2
20220430	0	2
20220501	0	1.7
20220502	0	3.5
20220503	0	2.6
20220504	0	3.6
20220505	0	3.3
20220506	0	3.9
20220507	0	2.7
20220508	0	4.2
20220509	0	4.4
20220510	0	2.6
20220511	0.6	4.2
20220512	0	3.8
20220513	0	2.7
20220514	0	4
20220515	0	4.8
20220516	0.2	2.7
20220517	0	2.3
20220518	0	4.4
20220519	16.7	2.6
20220520	5	2.9
20220521	0	2.6
20220522	0	4.2
20220523	4.4	3.4
20220524	4.4	2.4
20220525	0	3.3
20220526	0.1	2.9
20220527	2.3	3.9
20220528	0	2.9
20220529	0.6	1.9
20220530	0	2.6
20220531	0	2.5
20220601	4.6	2.7
20220602	0	3.9
20220603	0	4.9
20220604	0	4.7
20220605	5.3	1.9
20220606	8.3	2.6
20220607	0.7	2.7
20220608	10.3	2.5
20220609	0	3.8
20220610	0	2.8
20220611	0	4.6
20220612	0	4.3
20220613	1	3.9
20220614	0	4.3
20220615	0	5.4
20220616	0	4.7
20220617	0	4.4
20220618	0	5.1
20220619	3.8	2.6
20220620	0	3.7
20220621	0	4.3
20220622	0	5.6
20220623	0	5.6
20220624	15.2	2.4
20220625	0	4.2
20220626	1.6	3
20220627	6.8	1.3
20220628	0	5.3
20220629	0	3.7
20220630	7.8	5.1
20220701	0	3.9
20220702	0	4.1
20220703	0	4.5
20220704	0	4.2
20220705	0	3.5
20220706	0	3
20220707	2.7	2.2
20220708	0	3.3
20220709	0	3.5
20220710	0.8	1.6
20220711	0	2.2
20220712	0	4.4
20220713	0.2	4.8
20220714	0	4
20220715	0	3.3
20220716	0.1	4.2
20220717	0	4.7
20220718	0	5.1
20220719	0	5.6
20220720	4.9	4.7
20220721	9.1	1.7
20220722	0	2.2
20220723	0	4.6
20220724	0	5.2
20220725	0	3.5
20220726	0	2.4
20220727	0	3.5
20220728	0	4.6
20220729	0.6	1.9
20220730	0	4.2
20220731	1.4	1.7
20220801	1.1	2.8
20220802	0	4.2
20220803	0	5
20220804	5.1	3.5
20220805	2.6	2.9
20220806	0	3.6
20220807	0	4.1
20220808	0	3.8
20220809	0	4.6
20220810	0	4.7
20220811	0	4.8
20220812	0	4.8
20220813	0	4.9
20220814	0	4.6
20220815	0	2.4
20220816	0	4.2
20220817	0.7	1.6
20220818	0	2
20220819	1.9	3.7
20220820	0	3.3
20220821	0	3.4
20220822	0	2.5
20220823	0	3.4
20220824	0	3.9
20220825	0	4.3
20220826	0	1.1
20220827	0	1.9
20220828	0	2.9
20220829	0	2.4
20220830	0	3.6
20220831	0	3.4
20220901	0	3.5
20220902	0	3.3
20220903	0	3.6
20220904	0	3.1
20220905	0	3.4
20220906	1.6	3.3
20220907	5.8	2
20220908	5.3	1.6
20220909	3.1	1.9
20220910	0	1.4
20220911	0.1	1.9
20220912	0	2.7
20220913	0	2.1
20220914	0	1.2
20220915	0.7	1.5
20220916	2.3	2.6
20220917	11.2	2.2
20220918	11.9	0.5
20220919	2.4	2.2
20220920	0	1.6
20220921	0	2.3
20220922	0	2.1
20220923	0.3	1.3
20220924	6.4	0.4
20220925	0	1.6
20220926	9.4	0.5
20220927	2.3	1.2
20220928	2.5	1.2
20220929	0	1.8
20220930	0.1	2
20221001	17.2	1.4
20221002	1.5	1.7
20221003	0	1.5
20221004	0	2.1
20221005	0.1	1.3
20221006	0	1.9
20221007	0	2
20221008	0.7	1.6
20221009	0	1.8
20221010	1.1	1.2
20221011	0	1.3
20221012	0	1.5
20221013	2.2	0.6
20221014	1	0.5
20221015	0.9	0.6
20221016	0.4	1.5
20221017	6.8	0.4
20221018	0	1.5
20221019	0	1.3
20221020	3.9	0.6
20221021	0.7	0.7
20221022	0.1	0.9
20221023	0.4	0.6
20221024	2.2	0.7
20221025	0	0.9
20221026	0	1.3
20221027	0	1.1
20221028	0	1.1
20221029	0	1
20221030	0	1.1
20221031	0	0.7
20221101	0	1.2
20221102	3.1	1
20221103	5.4	0.7
20221104	1.1	0.8
20221105	0	0.8
20221106	2	0.8
20221107	0	0.4
20221108	0	0.6
20221109	0	0.7
20221110	0	0.8
20221111	0	0.7
20221112	0	0.8
20221113	0	0.9
20221114	0	0.7
20221115	2.6	0.6
20221116	11.7	0.6
20221117	13.4	0.2
20221118	1.2	0.2
20221119	0	0.6
20221120	6	0.5
20221121	0.3	0.2
20221122	0.9	0.3
20221123	0.9	0.6
20221124	0.4	0.4
20221125	2	0.5
20221126	0	0.3
20221127	3.6	0.1
20221128	3.6	0.2
20221129	0	0.2
20221130	0.3	0.1
20221201	0	0.1
20221202	0	0.1
20221203	0	0.1
20221204	0	0.1
20221205	3.7	0.1
20221206	0.2	0.4
20221207	0	0.4
20221208	1.2	0.2
20221209	0	0.1
20221210	0	0.1
20221211	0	0
20221212	0	0.2
20221213	0	0.4
20221214	0	0.4
20221215	0	0.4
20221216	0	0.2
20221217	0	0.1
20221218	0.3	0.2
20221219	2	0.1
20221220	12.1	0.1
20221221	0.9	0.2
20221222	3.1	0.4
20221223	12.9	0.1
20221224	1	0.3
20221225	7.2	0.1
20221226	0.9	0.2
20221227	0	0.4
20221228	4.6	0.1
20221229	3.1	0.2
20221230	2.3	0.2
20221231	23.1	0.1
20230101	3.1	0.2
20230102	8.9	0.2
20230103	0.1	0.2
20230104	11.5	0.1
20230105	1.3	0.1
20230106	1.2	0.4
20230107	1	0.3
20230108	1.2	0.4
20230109	7.7	0.2
20230110	2.1	0.3
20230111	6.8	0.3
20230112	19.3	0.1
20230113	2.3	0.3
20230114	10.9	0.1
20230115	4	0.3
20230116	6.3	0.1
20230117	1.7	0.4
20230118	0	0.6
20230119	3.5	0.5
20230120	0	0.1
20230121	0	0.2
20230122	0	0.1
20230123	0	0.2
20230124	0	0.1
20230125	0	0.1
20230126	0.6	0.4
20230127	0	0.3
20230128	0	0.5
20230129	0	0.2
20230130	3.4	0.4
20230131	0.4	0.2
20230201	3.1	0.2
20230202	16.3	0.1
20230203	0.1	0.2
20230204	0	0.6
20230205	2.9	0.3
20230206	0	0.5
20230207	0	0.8
20230208	0	0.9
20230209	0	0.6
20230210	0	0.8
20230211	0	0.5
20230212	0	0.4
20230213	0	0.8
20230214	0	1.1
20230215	0	1.1
20230216	0.9	0.4
20230217	0.5	0.2
20230218	6.2	0.2
20230219	2.8	0.6
20230220	0	0.2
20230221	0.1	0.2
20230222	0.1	0.8
20230223	0.1	0.2
20230224	6.1	0.4
20230225	0.7	1.1
20230226	0	1.2
20230227	0	1
20230228	0	1.3
20230301	0	1.4
20230302	0	1.4
20230303	0	0.8
20230304	0.2	0.5
20230305	0.6	0.9
20230306	2.3	0.9
20230307	3.4	0.5
20230308	0	0.6
20230309	15.6	0.3
20230310	25.5	0.3
20230311	0	1.6
20230312	0.7	0.4
20230313	3.7	1.1
20230314	6.4	1
20230315	0	1.8
20230316	0.1	1.1
20230317	0	1.6
20230318	0.5	1.8
20230319	0.3	1.6
20230320	0.3	0.8
20230321	1.5	0.9
20230322	3.6	0.7
20230323	3.8	1.3
20230324	3	1.2
20230325	6.8	1.3
20230326	0.4	0.6
20230327	1.2	1.7
20230328	0	1.7
20230329	0	1
20230330	1.3	1.4
20230331	10.6	1
20230401	7.6	0.8
20230402	0	2.4
20230403	0	2.5
20230404	0	2.4
20230405	0	2.6
20230406	5	1.7
20230407	3.7	0.8
20230408	0	1.6
20230409	0	3
20230410	2.4	1.9
20230411	0.9	2.6
20230412	8	1
20230413	3.9	1.8
20230414	0	2.6
20230415	0	0.8
20230416	0	1.7
20230417	0.7	2.3
20230418	0	2.4
20230419	0	3.4
20230420	0.4	1.8
20230421	8.8	1.4
20230422	4.1	2.2
20230423	0.5	2.5
20230424	10.7	0.9
20230425	0.5	2.1
20230426	0	1.5
20230427	0	3.2
20230428	1.5	1.1
20230429	0.1	2.4
20230430	0	3.5
20230501	0	2.8
20230502	0.2	2.3
20230503	0	3.7
20230504	0	3.7
20230505	5.4	2.4
20230506	2.5	3.1
20230507	0	2.5
20230508	1.8	2.7
20230509	13.8	1.4
20230510	3.3	2
20230511	14	1.4
20230512	0	3.4
20230513	0	4.3
20230514	0	3.3
20230515	0	3.3
20230516	0	2.4
20230517	0	3.5
20230518	0	3.8
20230519	0	3.9
20230520	0	4.1
20230521	0	3.7
20230522	3.1	3.5
20230523	0	2.5
20230524	0	2.1
20230525	0	3.3
20230526	0	4.3
20230527	0	4.6
20230528	0	4.5
20230529	0	4.3
20230530	0	3
20230531	0	4.9
20230601	0	2.1
20230602	0	2.6
20230603	0	5.1
20230604	0	4.9
20230605	0	4.8
20230606	0	4.6
20230607	0	3.6
20230608	0	4.3
20230609	0	5.2
20230610	0	5.7
20230611	0	5.6
20230612	0	5.3
20230613	0	5.6
20230614	0	5.4
20230615	0	5
20230616	0	5.1
20230617	0	5.1
20230618	0	3.3
20230619	0	4.3
20230620	5.5	3.7
20230621	0	4.5
20230622	48.2	1.6
20230623	3.3	5.1
20230624	0	5.3
20230625	0	5.7
20230626	0	4.3
20230627	0	3.6
20230628	0.2	1.6
20230629	2	2.1
20230630	0	3.8
20230701	2.5	1.2
20230702	0.4	4.3
20230703	1.7	1.7
20230704	3.1	2.3
20230705	8.1	1.5
20230706	0	3.8
20230707	0	5.4
20230708	0	5.4
20230709	35.1	3.9
20230710	0	4.5
20230711	9.2	4.6
20230712	2.7	3.9
20230713	0.5	3.2
20230714	0	3.4
20230715	0.2	3.6
20230716	0	3.3
20230717	3	3.1
20230718	0	4.7
20230719	1.9	2.6
20230720	2.2	3.4
20230721	0.6	3.2
20230722	2.6	2
20230723	2.1	1.5
20230724	8.2	2.3
20230725	0	3.7
20230726	1.8	3.1
20230727	13	1
20230728	0.2	2.9
20230729	0.4	2.8
20230730	1.2	2.8
20230731	22.2	1
20230801	7.8	2.5
20230802	19.2	1.4
20230803	17.6	2
20230804	2.1	2.9
20230805	5.9	1.8
20230806	20.9	1.9
20230807	4.1	2.7
20230808	3.8	2.4
20230809	0	3.3
20230810	0	2.3
20230811	0.8	4.2
20230812	10.9	2
20230813	0	3
20230814	0.1	4
20230815	0	3.8
20230816	0	2.8
20230817	0	0.9
20230818	0	2.9
20230819	0.5	1.6
20230820	0	4.1
20230821	0	3
20230822	0	2.6
20230823	0	3.9
20230824	0.9	2.5
20230825	2.4	0.9
20230826	1	2.9
20230827	8.4	2.2
20230828	0	2.2
20230829	0	1.7
20230830	2.5	1.5
20230831	0.9	2.3
20230901	1.6	0.9
20230902	0	1.8
20230903	0	3
20230904	0	3.4
20230905	0	3.7
20230906	0	3.7
20230907	0	3.7
20230908	0	3.6
20230909	0	3.3
20230910	0	3.1
20230911	3.6	3.2
20230912	3.7	2.3
20230913	5.6	1.5
20230914	0	2.5
20230915	0	2.9
20230916	0	2.7
20230917	4.9	1.7
20230918	16.2	1.7
20230919	0	1.6
20230920	0	1.9
20230921	7.4	1
20230922	0.8	1.7
20230923	0.6	1.2
20230924	0	2.5
20230925	0	2
20230926	0	1.8
20230927	0	1.9
20230928	0	2
20230929	3.4	1
20230930	0	1.9
20231001	0	2
20231002	0	1.5
20231003	4.5	0.8
20231004	0	1.3
20231005	0	1
20231006	0	1.6
20231007	0	1.4
20231008	0.7	1.1
20231009	0.1	0.5
20231010	0	1.6
20231011	0.4	0.7
20231012	19.2	0.3
20231013	23.8	0.6
20231014	5.7	1.5
20231015	1.5	1.3
20231016	0	0.9
20231017	0	1.5
20231018	4.1	1
20231019	4.7	0.7
20231020	19.6	0.2
20231021	1.7	0.9
20231022	1.8	1
20231023	3	0.8
20231024	0.3	0.6
20231025	7.7	0.4
20231026	0.6	0.4
20231027	15	0.2
20231028	4.2	0.6
20231029	9	0.7
20231030	6.3	0.7
20231031	10	0.6
20231101	4.2	0.7
20231102	4.4	0.6
20231103	0.7	0.5
20231104	3.2	0.4
20231105	10.2	0.3
20231106	0	0.4
20231107	0.6	0.5
20231108	9.7	0.6
20231109	8.9	0.6
20231110	4.9	0.2
20231111	0.6	0.5
20231112	0	0.5
20231113	4.7	0.1
20231114	8.8	0.5
20231115	9.8	0.4
20231116	0.6	0.3
20231117	0	0.5
20231118	7.2	0.1
20231119	6.7	0.3
20231120	5.2	0.4
20231121	0.4	0.2
20231122	0.1	0.4
20231123	2.6	0.2
20231124	5.2	0.3
20231125	5.3	0.3
20231126	1.3	0.3
20231127	20.7	0.1
20231128	2.6	0.3
20231129	7.2	0.3
20231130	0	0.2
20231201	0	0.2
20231202	0	0.2
20231203	1.5	0.4
20231204	3.4	0.2
20231205	1	0.1
20231206	1.2	0.1
20231207	0	0.2
20231208	1.6	0.1
20231209	9.7	0.2
20231210	6.7	0.1
20231211	5.1	0.2
20231212	4.4	0.3
20231213	3.9	0.1
20231214	0	0.1
20231215	0.4	0.2
20231216	0	0.1
20231217	0	0.1
20231218	0	0.1
20231219	17.1	0.1
20231220	13.8	0.1
20231221	22.2	0.1
20231222	13.8	0.1
20231223	13.9	0.1
20231224	16.3	0.1
20231225	13.1	0.2
20231226	5.7	0.3
20231227	2.3	0.1
20231228	0.1	0.2
20231229	6.7	0.2
20231230	0	0.3
20231231	0.4	0.2
20240101	4.8	0.2
20240102	22.7	0.1
20240103	7.2	0.2
20240104	3.2	0.2
20240105	15.8	0.1
20240106	0.5	0.1
20240107	0	0.3
20240108	0	0.3
20240109	0	0.4
20240110	0	0.4
20240111	0.2	0.1
20240112	0.4	0.1
20240113	1.2	0.1
20240114	6.2	0.1
20240115	2	0.3
20240116	0.4	0.2
20240117	0	0.2
20240118	0	0.6
20240119	0.4	0.5
20240120	0	0.3
20240121	0	0.2
20240122	7.5	0.3
20240123	4.1	0.5
20240124	2.7	0.4
20240125	1.9	0.5
20240126	5	0.2
20240127	0	0.7
20240128	0	0.8
20240129	0	0.7
20240130	1.3	0.4
20240131	0.9	0.2
20240201	2.5	0.7
20240202	0.2	0.2
20240203	1.7	0.2
20240204	4.8	0.2
20240205	0.8	0.3
20240206	14.2	0.2
20240207	4.5	0.5
20240208	11.5	0.2
20240209	8.5	0.3
20240210	1	0.8
20240211	0.2	0.3
20240212	1.7	0.5
20240213	0.4	0.8
20240214	8.6	0.2
20240215	10.7	0.3
20240216	3.6	0.3
20240217	0	0.6
20240218	14.6	0.2
20240219	3.5	0.4
20240220	0.2	0.7
20240221	6	0.4
20240222	5.9	0.5
20240223	1.9	0.4
20240224	1.9	0.6
20240225	0.5	0.6
20240226	0.9	0.3
20240227	0	0.4
20240228	0	0.7
20240229	0	0.6
20240301	0	1.1
20240302	0	1.6
20240303	0	1.6
20240304	0	0.2
20240305	0.8	0.3
20240306	0	1
20240307	0	0.8
20240308	0	1.7
20240309	0	1.7
20240310	0	1.4
20240311	0.4	0.2
20240312	1.1	0.3
20240313	0.6	0.4
20240314	0	2.1
20240315	4.1	0.9
20240316	2.2	0.8
20240317	0.2	1.2
20240318	0.8	0.8
20240319	0	1.4
20240320	0	1.8
20240321	0	1.1
20240322	4.7	0.4
20240323	2.3	1.5
20240324	12.9	0.8
20240325	0.1	1.8
20240326	0	1.4
20240327	0.2	0.9
20240328	2.6	1.2
20240329	1.6	1.5
20240330	0.8	1.2
20240331	3	2
20240401	7	0.8
20240402	0.8	1
20240403	5.3	0.8
20240404	12.3	1.4
20240405	3.1	1.2
20240406	0	2.8
20240407	1.3	2.7
20240408	1.4	1.9
20240409	1.3	1.7
20240410	0.4	2.2
20240411	1.1	0.9
20240412	0	2.1
20240413	0	3
20240414	0.2	2.5
20240415	9.8	1.3
20240416	6.6	1
20240417	2.2	1.2
20240418	0.4	2
20240419	11.5	1.7
20240420	3.1	2
20240421	1	2.2
20240422	0	2.1
20240423	0.9	2.2
20240424	3.7	1.5
20240425	2.5	1.6
20240426	4.9	2.3
20240427	0.2	2.3
20240428	0	2.8
20240429	0	3.1
20240430	0	3.5
20240501	0	4.2
20240502	0	4.4
20240503	2.7	0.6
20240504	10.8	2.4
20240505	0.1	1.9
20240506	0	2.9
20240507	0	3.1
20240508	0	2.5
20240509	0	3.2
20240510	0	4.2
20240511	0	4
20240512	0	4.8
20240513	0	4.3
20240514	0	5.1
20240515	0	4.2
20240516	6	2.2
20240517	0	2.8
20240518	0	3.7
20240519	4.6	2.4
20240520	1.5	3
20240521	12.2	3.7
20240522	0.4	1.9
20240523	0	2.8
20240524	6.6	1.5
20240525	11.1	2.4
20240526	4.4	3.4
20240527	16.3	3.7
20240528	9.1	3.7
20240529	26.4	2.3
20240530	0	3.3
20240531	0.2	2.7
20240601	1.4	2.4
20240602	0	2.5
20240603	0	1.6
20240604	0.8	2.3
20240605	0.7	3.4
20240606	0	3.3
20240607	0	3.4
20240608	0.9	2.9
20240609	0	3.5
20240610	10.7	1.2
20240611	2.5	3.2
20240612	0	2.6
20240613	0	3.3
20240614	1.2	1.9
20240615	11.1	2.7
20240616	6.2	2.5
20240617	0.3	3.1
20240618	13	1.2
20240619	0	4
20240620	0.8	3.4
20240621	6.8	0.8
20240622	0	3.7
20240623	0	3.9
20240624	0	5.3
20240625	0	5.5
20240626	0	5.6
20240627	0	5.4
20240628	0	4
20240629	6.2	4.8
20240630	14.3	2.4
20240701	4.4	2.6
20240702	4.4	1.9
20240703	1.4	2.3
20240704	4.8	4.2
20240705	0.1	1.3
20240706	2.3	3.4
20240707	0.1	3.1
20240708	0	4.1
20240709	15.6	4.6
20240710	0.3	3.5
20240711	0	4.3
20240712	51.5	0.7
20240713	2.6	1.9
20240714	0	4.4
20240715	0.2	4.5
20240716	3.2	3.2
20240717	0	2.7
20240718	0	4.1
20240719	0	4.4
20240720	0.1	4.8
20240721	64.2	1.6
20240722	0	4.1
20240723	24.4	1.6
20240724	0	3.7
20240725	0.3	2.9
20240726	2.9	2.6
20240727	17.8	2.2
20240728	0	3.9
20240729	0	4.8
20240730	0	4.8
20240731	0	4.1
20240801	11.9	2.1
20240802	0	4.3
20240803	9.1	2.6
20240804	0.8	2.8
20240805	0	3.8
20240806	0	4.6
20240807	0.5	1.8
20240808	0	3.5
20240809	0	1.9
20240810	0	3.3
20240811	0	4.3
20240812	0	4.6
20240813	0.1	4.3
20240814	23.6	1.5
20240815	0	3.4
20240816	1.9	1.4
20240817	15.7	3
20240818	0.1	2.9
20240819	0	2.4
20240820	5.4	3.1
20240821	0	3.2
20240822	0	3
20240823	0.2	2.3
20240824	6.5	2.9
20240825	0	3.2
20240826	0	2.8
20240827	0	3.6
20240828	0	3.9
20240829	0	3.1
20240830	0.9	1.7
20240831	0	3.3
20240901	0	3.5
20240902	2.2	3.1
20240903	0	2.7
20240904	4.5	0.8
20240905	0	3
20240906	1.5	1.2
20240907	0	2.6
20240908	0	2.6
20240909	1	1.4
20240910	7.4	1.3
20240911	16.7	1.7
20240912	0.4	1.8
20240913	0	2.1
20240914	0	2.1
20240915	0	2
20240916	0	1.7
20240917	0	2.3
20240918	0	1.9
20240919	0	1.9
20240920	0	2.7
20240921	0	2.6
20240922	0	2.3
20240923	0	1.4
20240924	2.3	1.5
20240925	0.2	1.1
20240926	21.2	1.1
20240927	15.2	1
20240928	1.2	1.7
20240929	0	1.7
20240930	11.8	1.1
20241001	15.1	0.3
20241002	2.4	0.3
20241003	0	1.7
20241004	0	1.6
20241005	0	1.7
20241006	0	1.6
20241007	0.6	1.5
20241008	10.5	1.2
20241009	11.6	0.7
20241010	3.4	0.9
20241011	0	1.3
20241012	2.5	0.9
20241013	1.4	1
20241014	0	0.8
20241015	0	1.5
20241016	0	1.1
20241017	0	0.6
20241018	0	1.5
20241019	2.8	0.4
20241020	0	0.9
20241021	3.7	0.5
20241022	3.6	1.1
20241023	0	0.5
20241024	0	1
20241025	2.1	1.3
20241026	0	1.1
20241027	0	1
20241028	2	0.6
20241029	1.1	0.3
20241030	1.1	0.5
20241031	0	0.4
20241101	0	0.2
20241102	0.2	0.8
20241103	0	0.9
20241104	0	0.9
20241105	0	0.9
20241106	0	0.2
20241107	0	0.2
20241108	0	0.1
20241109	0	0.1
20241110	0	0.3
20241111	9.3	0.6
20241112	0.3	0.4
20241113	0	0.3
20241114	0.9	0.3
20241115	0	0.2
20241116	0.6	0.2
20241117	6.2	0.5
20241118	2.5	0.6
20241119	10.5	0.1
20241120	5.4	0.1
20241121	0	0.4
20241122	10.3	0.2
20241123	6.2	0.2
20241124	0.1	0.4
20241125	3	0.1
20241126	1	0.3
20241127	5.2	0.1
20241128	1.8	0.4
20241129	0	0.3
20241130	0	0.5
20241201	0	0.5
20241202	2.1	0.1
20241203	1.2	0.3
20241204	0	0.2
20241205	13.7	0.1
20241206	14.7	0.1
20241207	1.2	0.2
20241208	1.2	0.3
20241209	1.1	0.1
20241210	0	0.1
20241211	0	0.1
20241212	0	0.1
20241213	0	0.1
20241214	0.2	0.1
20241215	0.8	0.1
20241216	0.9	0.1
20241217	0	0.1
20241218	0.5	0.1
20241219	7.2	0.1
20241220	0.4	0.3
20241221	5.3	0.1
20241222	4.9	0.2
20241223	0.7	0.3
20241224	1.5	0.1
20241225	0	0.2
20241226	0	0.1
20241227	0	0.2
20241228	0	0.2
20241229	0	0.1
20241230	0.1	0.1
20241231	0	0.1
